prod_gen,discount_price,retail_price,discount_price_in_original_currency,nb_cart_orders_approx,rating,rating_count,product_color,product_variation_size_id,product_variation_inventory,shipping_option_price,shipping_is_express,inventory_total,origin_country,merchant_positive_percent,merchant_rating_count,merchant_rating,isnan
Woman,3.11,4,3.77,5000,4.020408163,539,white,others,50,1,FALSE,50,CN,94,74181,4.476591041,0
Woman,42,42,50,0,-1,0,red,others,2,17,FALSE,2,KR,67,6,3.833333333,1
Man,4.79,44,5.81,1000,3.571428571,42,dual,extra_small_size,1,1,FALSE,50,US,,157,4.006369427,0
Woman,5,5,6,10000,3.906273063,1355,grey,s,50,2,FALSE,50,CN,,15616,4.063140369,0
Woman,4.69,5,5.68,1000,3.505494505,273,yellow,xs,3,1,FALSE,50,CN,85,2034,4.002949853,0
Man,3.12,4,3.78,5000,3.941251596,783,white,xs,1,1,FALSE,50,CN,,20219,4.057520154,0
Man,22,29,26.41,0,-1,0,others,others,50,8.99,FALSE,50,VN,90,303,4.320132013,1
Woman,4.13,5,5,20000,3.545133992,2836,orange,s,1,2,FALSE,50,CN,85,17935,4.022191246,0
Woman,3.15,4,3.82,10000,3.92734375,1280,green,s,2,1,FALSE,50,CN,85,17935,4.022191246,0
Woman,3.16,4,3.83,10,4,21,brown,others,2,1,TRUE,50,CN,,91,4.131868132,0
Woman,15,15,17.99,0,-1,0,black,s,50,5.99,FALSE,50,TR,0,3,4.333333333,1
Woman,11,11,13,10,3.793939394,165,white,s,50,3,FALSE,50,CN,,664,4.332831325,0
Woman,4.8,5,5.82,10,3.475,80,blue,xs,1,2,FALSE,50,CN,85,15476,3.986753683,0
Man,2.35,3,2.85,1000,4.480392157,102,blue,xs,1,1,FALSE,50,CN,84,10250,3.918341463,0
Woman,3.86,4,4.68,5000,3.919220056,718,red,xs,1,1,FALSE,50,CN,87,4013,4.088711687,0
Woman,4.66,21,5.65,1000,3.733333333,105,red,s,50,2,FALSE,50,CN,,2894,4.071527298,0
Woman,24,24,28,0,-1,0,grey,xs,21,8,FALSE,50,CA,80,1166,3.938250429,1
Woman,5,35,6,1000,3.850649351,154,black,s,50,2,FALSE,50,CN,88,2479,4.166599435,0
Woman,10,10,11,10,3.729411765,85,red,s,50,3,FALSE,50,CN,89,8938,4.215372567,0
Woman,7,7,8,5000,4.024857955,1408,brown,extra_big_size,41,3,FALSE,50,CN,,41454,4.059728856,0
Woman,50,50,60,0,-1,0,pink,m,3,12,TRUE,6,PL,95,8961,4.504296395,1
Woman,16,83,19,10,4.068493151,73,white,m,50,6,FALSE,50,CN,88,32688,4.14295766,0
Man,4.78,57,5.79,10,4.115384615,26,white,xs,5,2,FALSE,50,CN,88,60,4.15,0
Woman,3.88,4,4.7,10,4.833333333,6,blue,extra_small_size,50,1,FALSE,50,CN,90,375,4.296,0
Woman,5,5,5,5000,3.82484361,1119,white,xs,2,2,FALSE,50,CN,82,4556,3.919446883,0
Woman,4.75,17,5.76,1000,3.730769231,312,white,s,1,2,FALSE,50,CN,90,10561,4.19723511,0
Woman,5,5,6,1000,3.778846154,416,orange,xs,1,2,FALSE,50,CN,82,1707,3.898066784,0
Woman,24,24,29,0,-1,0,green,others,20,8,TRUE,27,PL,95,8961,4.504296395,1
Woman,8,8,9,10,3.092783505,97,others,s,50,3,FALSE,50,CN,86,156823,4.050930029,0
Woman,4.73,5,5.73,1000,3.504201681,119,white,s,50,1,FALSE,50,US,90,1024,4.196289063,0
Woman,28,28,33,0,-1,0,white,s,50,9,FALSE,50,CA,,1166,3.938250429,1
Man,3.04,4,3.69,10,3.678571429,56,black,others,50,1,FALSE,50,CN,,83,4.156626506,0
Woman,5,5,6,10,4.289617486,183,black,xs,2,2,FALSE,50,CN,86,37910,4.079424954,0
Woman,20,20,24,7,5,1,others,others,50,6,FALSE,50,VN,92,2394,4.458646617,0
Woman,1.53,2,1.85,10,3.745098039,51,purple,xs,4,1,FALSE,50,CN,85,17935,4.022191246,0
Woman,10,10,11,10,4.375,8,blue,s,50,2,FALSE,50,CN,87,21841,4.11006822,0
Woman,15,85,17,10,2.871794872,39,black,s,12,5,FALSE,50,CN,,743,4.006729475,0
Woman,41,41,49,0,-1,0,black,xs,50,17,FALSE,50,CA,80,1166,3.938250429,1
Woman,10,10,11,10,4.171428571,35,purple,l,50,2,FALSE,50,CN,85,840,4.055952381,0
Woman,10,10,11,10000,4.258103241,833,brown,s,50,3,FALSE,50,CN,89,94291,4.199138836,0
Woman,19,19,22,0,-1,0,black,s,50,5,FALSE,50,CA,80,1166,3.938250429,1
Woman,4.75,6,5.76,1000,3.397394137,307,red,xs,1,2,FALSE,50,CN,73,1880,3.537765957,0
Man,4.74,8,5.75,10,3.833333333,18,blue,xs,2,1,FALSE,50,CN,74,1557,3.513808606,0
Woman,20,20,24,10,-1,0,blue,m,50,6,FALSE,50,CA,80,1166,3.938250429,1
Woman,14,14,16,5000,4.257997936,969,others,s,50,4,FALSE,50,CN,,10688,4.294816617,0
Woman,28,28,33,0,-1,0,blue,s,50,0,FALSE,50,CA,81,403,4.054590571,1
Woman,23,23,27,0,-1,0,others,l,50,11,FALSE,50,CA,80,1166,3.938250429,1
Woman,21,21,25,0,-1,0,white,s,50,6,FALSE,50,CA,80,1166,3.938250429,1
Woman,39,39,47,0,-1,0,others,m,50,22,FALSE,50,CA,80,1166,3.938250429,1
Woman,3,3,3,20000,3.825589226,2970,red,xs,50,1,FALSE,50,CN,86,2259,4.063302346,0
Woman,12,16,14,1000,3.771812081,298,green,m,50,4,FALSE,50,CN,89,7932,4.201840645,0
Woman,6,6,7,5000,3.907092199,1410,grey,extra_big_size,50,2,FALSE,50,CN,89,5816,4.177269601,0
Man,21,25,25,10,4.636363636,22,others,s,50,7,FALSE,50,CN,96,301,4.588039867,0
Woman,7,7,8,1000,3.675862069,145,black,s,50,2,FALSE,50,CN,,2357,3.819686042,0
Woman,33,33,39,0,-1,0,blue,m,50,11,FALSE,50,CA,,1166,3.938250429,1
Woman,7,7,8,10,4.3,10,white,s,1,2,FALSE,50,CN,,618,3.889967638,0
Woman,81,81,97,0,-1,0,others,xs,50,12,FALSE,50,KR,,0,5,1
Woman,11,11,13,10,3.962962963,27,red,s,50,4,TRUE,50,CN,89,897,4.254180602,0
Woman,14,14,16,1000,3.933649289,211,blue,others,20,5,FALSE,50,CN,,880,3.960227273,0
Woman,15,15,17,0,-1,0,orange,s,50,11,FALSE,50,CA,80,1166,3.938250429,1
Woman,23,23,27,0,-1,0,yellow,others,12,7,TRUE,21,PL,95,8961,4.504296395,1
Woman,4.74,5,5.74,10,5,1,white,xs,2,2,FALSE,50,CN,0,5,4.4,0
Woman,7,7,8,10,-1,0,dual,s,50,6,TRUE,50,CN,91,1096,4.28649635,1
Woman,5,5,6,20000,3.420314492,2353,yellow,xs,5,2,FALSE,50,CN,86,9724,4.060571781,0
Woman,10,12,11,10,4.071428571,70,black,s,50,3,FALSE,50,CN,90,17980,4.228587319,0
Woman,5,5,6,10,3.903225806,31,purple,xs,5,2,FALSE,50,CN,87,701,4.116975749,0
Woman,12,12,14,5,-1,0,black,l,50,8,TRUE,50,CA,80,1166,3.938250429,1
Woman,3.08,29,3.73,10000,3.502189781,685,green,extra_big_size,1,1,FALSE,50,CN,86,3826,4.032409827,0
Man,4,44,4,10,3.458333333,24,red,xs,1,1,FALSE,50,CN,79,336,3.785714286,0
Woman,10,57,11,1000,4.235023041,217,red,s,50,3,FALSE,50,CN,87,4131,4.139917695,0
Woman,13,13,15,10,4.027027027,37,black,s,50,4,FALSE,50,CN,88,4195,4.144457688,0
Man,7,42,8,5000,3.220532319,526,yellow,s,7,3,FALSE,50,CN,79,899,3.774193548,0
Woman,10,10,11,1000,3.345454545,110,black,s,7,6,FALSE,50,CN,91,14385,4.294751477,0
Woman,25,25,30,10,5,2,others,others,50,8,FALSE,50,VN,,897,4.370122631,0
Woman,7,7,8,10,3.615384615,13,white,s,1,3,FALSE,50,CN,83,5948,3.9433423,0
Woman,4,7,4,1000,3.872928177,181,purple,s,2,1,FALSE,50,CN,85,17935,4.022191246,0
Woman,10,10,11,10,3.45,20,black,s,50,2,FALSE,50,US,,256,4.15625,0
Woman,10,14,11,10,3.857142857,7,black,s,50,3,FALSE,50,CN,85,5256,3.999809741,0
Woman,10,10,12,10,4.428571429,14,green,s,14,4,TRUE,50,CN,,897,4.254180602,0
Woman,4.71,5,5.71,10,4.285714286,21,white,s,50,6,TRUE,50,CN,82,333,3.942942943,0
Woman,8,8,9,10,3.8,30,pink,s,2,3,FALSE,50,CN,84,1946,3.986125385,0
Woman,4.67,5,5.66,10,3.428571429,7,green,xs,9,2,FALSE,50,CN,88,189,4.232804233,0
Woman,17,156,20,1000,3.835714286,140,black,s,50,6,FALSE,50,CN,85,47454,3.973785139,0
Woman,3.09,34,3.74,10,4,1,green,xs,3,1,FALSE,50,CN,87,6446,4.092770711,0
Woman,24,24,28,0,-1,0,orange,s,50,14,TRUE,50,CA,80,1166,3.938250429,1
Woman,10,86,11,5000,4.104192355,1622,others,s,24,3,FALSE,50,CN,85,36761,4.021680585,0
Woman,10,10,11,10,3.2,5,purple,extra_big_size,9,3,FALSE,50,CN,88,3070,4.176221498,0
Woman,10,10,11,5000,4,1161,black,s,50,3,FALSE,50,CN,81,6282,3.871378542,0
Woman,23,23,27,10,-1,0,black,s,50,7,FALSE,50,CA,80,1166,3.938250429,1
Woman,7,7,8,1000,3.939759036,83,yellow,xs,50,3,FALSE,50,CN,89,5905,4.187976291,0
Woman,10,10,12,20000,3.935655362,5455,white,s,50,3,FALSE,50,CN,88,75071,4.105326957,0
Woman,3.89,4,4.71,10,4.066666667,15,yellow,extra_big_size,29,1,FALSE,50,US,82,286,3.79020979,0
Woman,19,19,23,3,-1,0,black,s,50,0,FALSE,50,CA,81,403,4.054590571,1
Man,3.85,42,4.67,1000,4.221238938,113,others,xs,2,1,FALSE,50,CN,88,3747,4.132372565,0
Woman,11,11,13,10000,3.543636364,1100,others,l,50,5,TRUE,50,CN,92,11346,4.367971091,0
Woman,25,25,30,0,-1,0,yellow,others,2,8,TRUE,11,PL,95,8961,4.504296395,1
Woman,6,15,7,5000,3.765458422,469,beige,s,50,2,FALSE,50,CN,88,6593,4.064613985,0
Woman,4.84,5,5.87,10,3.192982456,57,yellow,xs,5,2,FALSE,50,CN,,3378,4.117525163,0
Woman,7,7,8,10,4.492063492,63,black,s,50,2,FALSE,50,CN,,16180,4.143572311,0
Woman,30,30,36,0,-1,0,blue,m,2,10,TRUE,2,PL,95,8961,4.504296395,1
Woman,7,7,8,5000,3.175182482,548,blue,xs,50,2,FALSE,50,CN,,9071,3.97530592,0
Woman,3.03,4,3.67,20000,3.907471549,2021,dual,s,3,1,FALSE,50,CN,,63028,4.115520086,0
Woman,5,18,6,10,3.571428571,14,blue,xs,1,2,FALSE,50,CN,87,502,4.085657371,0
Woman,10,10,11,1000,3.454724409,508,black,s,50,2,FALSE,50,CN,83,15939,3.927536232,0
Woman,14,32,16,20000,3.967818005,7209,grey,s,50,4,FALSE,50,CN,,16944,4.151322002,0
Woman,6,10,7,10,3.764705882,34,white,s,50,8,TRUE,50,CN,86,346498,4.071769534,0
Woman,3.14,4,3.81,5000,4.284982935,586,others,others,50,1,FALSE,50,CN,93,28015,4.388399072,0
Woman,38,38,45,0,-1,0,others,others,2,12,FALSE,2,KR,0,1,5,1
Woman,4,4,4,10,-1,0,green,xs,16,1,FALSE,50,CN,81,6799,3.859979409,1
Woman,7,7,8,10000,3.517735334,2932,pink,extra_big_size,10,3,FALSE,50,CN,85,26389,4.002576831,0
Woman,1.46,53,1.77,5000,3.87704918,488,red,extra_big_size,2,1,FALSE,50,CN,87,12267,4.083557512,0
Woman,11,11,13,10,4.466666667,15,white,s,50,3,FALSE,50,CN,91,113192,4.285567885,0
Woman,3.89,4,4.72,10,2.882352941,17,grey,xs,3,1,FALSE,50,CN,85,7622,4.018892679,0
Woman,12,12,14,1000,4.036939314,379,red,m,50,4,FALSE,50,CN,85,14604,4.039030403,0
Woman,29,29,34.78,0,-1,0,others,others,3,10.96,FALSE,3,GB,0,12,4.833333333,1
Woman,13,43,15.1,0,-1,0,black,others,2,0,FALSE,7,TR,0,3,5,1
Woman,6,6,7,1000,3.66023166,777,white,s,50,2,FALSE,50,CN,86,156823,4.050930029,0
Woman,10,10,11,1000,3.96214511,317,pink,s,50,2,FALSE,50,CN,86,16571,4.048759882,0
Woman,33,35,39,0,-1,0,others,s,28,11,FALSE,50,DE,94,2374,4.530328559,1
Woman,12,21,14,1000,4.18220339,236,black,s,50,4,TRUE,50,CN,89,36478,4.213142168,0
Woman,13,13,15,10,3.333333333,27,yellow,l,1,4,FALSE,2,CN,,335,3.847761194,0
Woman,10,21,11,1000,3.698113208,159,green,s,50,3,FALSE,50,CN,87,2446,4.078495503,0
Woman,7,7,8,1000,3.754098361,122,black,s,50,3,FALSE,50,CN,93,12054,4.367761739,0
Woman,11,11,13,10,4.25,16,black,s,50,6,TRUE,50,CN,89,897,4.254180602,0
Woman,5,5,5,10,3.736842105,19,others,xs,1,2,FALSE,50,CN,80,385,3.885714286,0
Woman,8,8,9,10,4.213333333,75,black,m,50,3,FALSE,50,CN,,2772,4.316378066,0
Woman,25,25,30,0,-1,0,black,others,13,8,TRUE,27,PL,95,8961,4.504296395,1
Woman,4.72,5,5.72,1000,3.523404255,235,white,xs,3,2,FALSE,50,CN,82,4556,3.919446883,0
Man,5,5,5,1000,3.875886525,282,white,xs,10,2,FALSE,50,CN,84,2828,3.948373409,0
Woman,14,14,16,3,-1,0,black,s,50,4,FALSE,50,CA,80,1166,3.938250429,1
Woman,13,13,15,10,2.909090909,11,others,xl,50,4,FALSE,50,CN,90,4196,4.223784557,0
Woman,80,80,96,1,-1,0,red,others,9,12,FALSE,9,KR,50,2,3,1
Woman,15,15,17,10,5,1,black,s,50,0,FALSE,50,CA,81,403,4.054590571,0
Woman,25,25,30,0,-1,0,blue,l,15,9,FALSE,50,CA,80,1166,3.938250429,1
Woman,4.79,5,5.8,10000,4.133287293,1448,grey,xs,50,2,FALSE,50,CN,86,8898,4.076983592,0
Woman,22,22,26,0,-1,0,black,others,3,7,TRUE,12,PL,95,8961,4.504296395,1
Woman,15,15,17.99,0,-1,0,black,s,50,5.99,FALSE,50,TR,0,3,4.333333333,1
Man,15,15,18,0,-1,0,brown,m,50,10,FALSE,50,CA,80,1166,3.938250429,1
Woman,30,30,36,0,-1,0,beige,others,17,10,TRUE,50,PL,95,8961,4.504296395,1
Woman,47,47,56,0,-1,0,white,l,50,17,FALSE,50,CA,80,1166,3.938250429,1
Woman,15,15,17,9,5,1,black,s,50,10,FALSE,50,CA,80,1166,3.938250429,0
Man,7,29,8,10,4.06741573,89,black,s,50,2,FALSE,50,CN,86,234,4.012820513,0
Man,8,9,9,10,3.948717949,39,grey,s,50,3,FALSE,50,CN,89,713,4.192145863,0
Woman,5,5,6,1000,4.32967033,273,blue,xs,5,2,FALSE,50,SG,84,6123,3.950024498,0
Woman,4.8,42,5.82,1000,4.012875536,233,black,s,1,1,FALSE,50,CN,85,8953,3.992628169,0
Woman,7,7,8,10,-1,0,green,extra_big_size,5,3,FALSE,50,US,74,68,3.705882353,1
Woman,4.7,5,5.7,10,3.666666667,3,grey,s,2,1,FALSE,50,CN,85,2042,4.048971596,0
Woman,26,26,31,0,-1,0,white,s,50,15,FALSE,50,CA,80,1166,3.938250429,1
Woman,3.15,4,3.82,10,4.285714286,7,green,xs,7,1,FALSE,50,CN,81,6799,3.859979409,0
Woman,7,7,8,20000,3.430792453,6625,pink,others,50,2,FALSE,50,CN,90,34046,4.210450567,0
Woman,12,12,14,10,-1,0,others,s,50,8,FALSE,50,CA,80,1166,3.938250429,1
Woman,42,42,50,0,-1,0,others,l,50,17,FALSE,50,CA,80,1166,3.938250429,1
Woman,4.73,5,5.73,10000,4.255494505,1456,blue,xs,5,2,FALSE,50,CN,87,10930,4.083348582,0
Woman,3,3,3,1000,4.361702128,94,green,xs,2,1,FALSE,50,CN,,102220,4.058618666,0
Woman,7,7,8,20000,3.736272709,4899,black,s,29,3,FALSE,50,CN,88,61120,4.127045157,0
Man,6,46,7,1000,3.882352941,306,white,s,25,2,FALSE,50,CN,,404,4.071782178,0
Woman,10,11,11,1000,4.157667387,463,red,m,50,2,FALSE,50,CN,90,13100,4.208320611,0
Woman,17,29,20.55,10,5,1,others,others,50,8.99,FALSE,50,VN,,303,4.320132013,0
Man,6,6,7,1000,3.888888889,126,green,xs,1,2,FALSE,50,CN,82,496,3.927419355,0
Woman,4.8,5,5.82,10,3.4,15,others,xs,1,2,FALSE,50,CN,92,7684,4.302186361,0
Woman,3.07,4,3.72,1000,4.476923077,130,white,others,2,1,FALSE,50,CN,90,150,4.306666667,0
Woman,8,8,9,10,4.294871795,78,white,s,50,4,TRUE,50,CN,89,41315,4.149969745,0
Woman,30,30,36,0,-1,0,black,others,7,9,TRUE,50,PL,95,8961,4.504296395,1
Man,4.69,97,5.68,1000,3.475,80,blue,extra_big_size,50,2,FALSE,50,CN,84,3590,4.014763231,0
Woman,4.75,5,5.76,5000,3.735042735,468,red,xs,9,2,FALSE,50,CN,,2832,3.872881356,0
Woman,4.74,48,5.74,10,4.666666667,33,pink,xs,18,2,FALSE,50,CN,84,360,4.005555556,0
Woman,10,25,12,10,4.333333333,24,green,xs,18,3,FALSE,50,CN,82,1625,3.939076923,0
Woman,5,5,5,10,-1,0,blue,xs,1,2,FALSE,50,CN,85,10986,4.005006372,1
Woman,25,25,30,0,-1,0,beige,s,50,0,FALSE,50,CA,81,403,4.054590571,1
Woman,8,9,9,20000,4.094302164,5037,others,s,50,3,FALSE,50,CN,85,21685,4.001060641,0
Woman,5,6,6,10,4.152173913,46,black,s,50,2,FALSE,50,CN,89,2382,4.123005877,0
Woman,4.83,5,5.86,10,3.810526316,95,orange,xs,50,2,FALSE,50,CN,91,45993,4.272584959,0
Woman,3.02,4,3.66,1000,3.17173913,460,white,xs,1,1,FALSE,50,CN,83,4095,3.958241758,0
Woman,28,28,33,0,-1,0,blue,s,50,8,FALSE,50,CA,80,1166,3.938250429,1
Woman,3.94,4,4.77,1000,3.807486631,187,yellow,xs,3,1,FALSE,50,CN,,4556,3.919446883,0
Woman,28,28,33,0,-1,0,others,others,50,8,FALSE,50,VN,94,999,4.472472472,1
Man,5,5,6,1000,3.166666667,6,yellow,extra_big_size,1,2,FALSE,50,US,72,29,3.655172414,0
Woman,10,10,11,10,4,3,blue,s,50,3,FALSE,50,CN,85,7432,3.985871905,0
Man,19,43,22.5,0,-1,0,blue,others,2,5.95,FALSE,19,GB,92,548,4.452554745,1
Woman,15,15,17.99,1,-1,0,others,s,50,5.99,FALSE,50,TR,0,3,4.333333333,1
Woman,5,5,6,10,-1,0,green,xs,8,2,FALSE,50,CN,89,8892,4.155195682,1
Woman,55,55,66,0,-1,0,blue,s,50,22,FALSE,50,CA,80,1166,3.938250429,1
Woman,21,21,25,0,-1,0,beige,others,4,7,TRUE,16,PL,95,8961,4.504296395,1
Woman,13,16,15,10,3.659090909,44,green,xs,1,4,FALSE,50,CN,88,3201,4.175882537,0
Woman,8,8,9,5000,4.032098765,810,orange,extra_big_size,9,3,FALSE,50,CN,85,21685,4.001060641,0
Woman,10,10,11,1000,4.386363636,176,green,l,1,3,FALSE,39,CN,84,29007,3.950391285,0
Woman,7,7,8,1000,4.277777778,126,white,s,50,5,TRUE,50,CN,90,35835,4.203823078,0
Woman,25,25,30,7,5,1,others,others,50,8,FALSE,50,VN,92,2394,4.458646617,0
Woman,2.19,3,2.65,1000,3.598930481,187,red,xs,2,1,FALSE,50,CN,80,367,3.809264305,0
Woman,3.97,4,4.81,1000,4.196428571,56,green,xs,50,1,FALSE,50,CN,84,9071,3.97530592,0
Woman,5,10,6,5000,3.991578947,475,red,extra_big_size,1,2,FALSE,50,CN,82,1673,3.921697549,0
Man,4.84,5,5.87,1000,4.227722772,303,green,xs,2,2,FALSE,50,CN,,14614,4.075338716,0
Woman,5,5,6,10,3.413043478,92,yellow,xs,50,2,FALSE,50,CN,75,1273,3.639434407,0
Woman,32,32,38,0,-1,0,beige,others,16,10,TRUE,33,PL,95,8961,4.504296395,1
Woman,6,6,7,1000,3.295652174,230,red,xs,2,2,FALSE,50,CN,81,9184,3.816637631,0
Woman,6,6,7,10000,3.885889129,2778,white,s,30,2,FALSE,50,CN,82,39110,3.879007926,0
Woman,2.34,3,2.84,1000,3.863387978,183,blue,s,2,1,FALSE,50,CN,89,20526,4.166082042,0
Woman,13,21,15.62,10,4.5,2,black,s,50,7.27,FALSE,50,ES,0,14,4.642857143,0
Woman,6,6,7,10,4.057142857,35,others,s,50,2,FALSE,50,CN,,4010,4.173566085,0
Woman,26,50,31,0,-1,0,beige,m,1,9,FALSE,50,GB,0,27,4.62962963,1
Woman,25,25,30,0,-1,0,black,xl,24,14,FALSE,50,CA,80,1166,3.938250429,1
Woman,10,10,12,10,5,1,others,s,50,3,FALSE,50,CA,80,1166,3.938250429,0
Woman,8,8,9,1000,3.540350877,285,black,m,29,3,FALSE,50,CN,80,10667,3.815130777,0
Woman,10,10,11,5000,3.693270736,639,blue,m,50,3,FALSE,50,CN,88,14767,4.136656057,0
Woman,41,41,49,0,-1,0,white,others,5,12,TRUE,9,PL,95,8961,4.504296395,1
Woman,11,11,13,1000,3.881918819,271,blue,s,50,3,FALSE,50,CN,76,3879,3.660221707,0
Woman,6,87,7,1000,4.263814617,561,red,xs,28,2,FALSE,50,CN,,1547,4.091790562,0
Woman,7,50,8,10,4.471698113,53,white,s,50,2,FALSE,50,CN,94,1221,4.413595414,0
Woman,5,49,5,10,4.16091954,87,white,s,1,2,FALSE,50,CN,86,25949,4.065281899,0
Woman,38,38,45,0,-1,0,yellow,others,4,12,TRUE,27,PL,95,8961,4.504296395,1
Woman,28,28,33,0,-1,0,purple,others,3,8,TRUE,6,PL,95,8961,4.504296395,1
Woman,4.02,43,4.87,1000,3.326359833,239,blue,extra_small_size,1,1,FALSE,50,US,83,1532,3.943211488,0
Woman,25,25,30,0,-1,0,blue,s,50,8,FALSE,50,CA,80,1166,3.938250429,1
Woman,3.86,4,4.68,1000,3.857142857,203,dual,xs,2,1,FALSE,50,CN,,17627,3.974981562,0
Woman,26,26,31,1,-1,0,green,xl,50,0,FALSE,50,CA,81,403,4.054590571,1
Man,7,67,8,10000,3.20199005,1005,white,s,8,3,FALSE,50,TH,79,1478,3.803788904,0
Woman,4.76,5,5.77,10,4.320441989,181,grey,s,1,2,FALSE,50,CN,,914,3.822757112,0
Woman,4.71,16,5.71,10000,3.324561404,1140,white,s,50,2,FALSE,50,CN,90,9763,4.254634846,0
Woman,11,15,13,1000,3.8808933,403,others,s,50,7,TRUE,50,CN,89,9014,4.206123807,0
Woman,5,5,6,10,-1,0,grey,m,50,2,FALSE,50,CN,90,740,4.225675676,1
Woman,4.71,5,5.71,10000,4.212484498,2419,others,s,0,2,FALSE,50,CN,88,134870,4.137799362,0
Woman,7,7,8,10,4.166666667,132,black,m,50,2,FALSE,50,CN,88,6447,4.166744222,0
Woman,6,6,7,1000,3.63961039,308,white,xs,50,2,FALSE,50,CN,86,4948,4.025464834,0
Woman,29,29,34.81,1,-1,0,others,s,5,0,FALSE,13,GB,,12,4.833333333,1
Woman,29,29,34.78,0,-1,0,yellow,s,4,9.83,FALSE,14,GB,0,12,4.833333333,1
Woman,4.75,5,5.76,10,4.25,44,others,others,50,2,FALSE,50,CN,87,189,4.259259259,0
Man,14,14,16,1000,3.225988701,177,black,m,50,5,FALSE,50,CN,,1322,4.204992436,0
Woman,58,58,70,6,1,1,others,s,50,12,FALSE,50,US,0,8,4.25,0
Woman,6,6,7,10,4,6,grey,xs,3,2,FALSE,50,CN,88,8,4.125,0
Woman,12,25,13.7,10,4.666666667,27,others,others,42,8.12,FALSE,42,GB,96,17842,4.660688264,0
Man,15,15,18,10,3.705882353,34,green,s,50,5,FALSE,50,CN,72,164,3.536585366,0
Woman,10,10,11,10,3.645669291,127,red,extra_big_size,42,2,FALSE,50,CN,87,46351,4.067657656,0
Woman,7,49,8,10,3.787234043,47,red,xs,50,3,FALSE,50,CN,86,15436,4.042238922,0
Woman,10,10,11,5000,4.131560532,2858,green,s,50,2,FALSE,50,CN,91,71690,4.295801367,0
Woman,7,7,8,10,3.966666667,150,white,s,50,3,FALSE,50,CN,83,10680,3.945692884,0
Woman,10,34,11,1000,3.4,50,blue,xs,50,2,FALSE,50,CN,82,1500,3.889333333,0
Woman,4.69,5,5.68,10000,4.339981007,2106,green,xs,50,1,FALSE,50,CN,89,11261,4.181511411,0
Woman,16,16,19,0,-1,0,blue,s,50,12,TRUE,50,CA,80,1166,3.938250429,1
Woman,17,17,20,10,5,1,white,xl,50,0,FALSE,50,CA,81,403,4.054590571,0
Woman,21,21,25,10,-1,0,grey,s,50,7,FALSE,50,CA,80,1166,3.938250429,1
Woman,10,13,11,10,4.294117647,17,pink,extra_big_size,5,3,FALSE,31,CN,84,14527,3.961313416,0
Woman,4.84,5,5.87,1000,4.246376812,276,yellow,xs,1,2,FALSE,50,CN,85,48696,3.99745359,0
Woman,7,7,8,10,3.884615385,26,green,s,50,3,FALSE,50,CN,90,29577,4.239578051,0
Woman,5,9,6,5000,3.937704918,610,black,s,17,2,FALSE,50,CN,87,2671,4.08348933,0
Woman,5,5,5,5000,4.291913215,507,black,xs,12,2,FALSE,50,CN,84,8106,3.953121145,0
Man,6,10,7,1000,3.955102041,245,red,xs,3,2,FALSE,50,CN,85,2766,3.986984816,0
Woman,4.84,5,5.87,1000,4.050704225,355,red,extra_big_size,1,2,FALSE,50,CN,87,3141,4.110156001,0
Woman,15,15,17.99,0,-1,0,others,s,50,5.99,FALSE,50,TR,0,3,4.333333333,1
Woman,10,14,11,5000,4.265084075,2022,others,s,50,3,FALSE,50,CN,92,24725,4.303377149,0
Woman,25,25,30,10,-1,0,others,s,50,8,FALSE,50,VN,,2394,4.458646617,1
Woman,5,10,6,10,4.533333333,15,white,s,50,6,TRUE,50,CN,89,583,4.243567753,0
Woman,10,16,12,5000,4.168150346,1011,white,xl,50,3,FALSE,50,CN,88,9369,4.193297043,0
Woman,16,213,19,20000,4.417536534,1437,purple,extra_big_size,50,6,FALSE,50,CN,82,221277,3.8378277,0
Woman,10,10,12,10,3.388059701,67,blue,s,50,3,FALSE,50,CN,88,6447,4.166744222,0
Woman,13,13,15,10,4.5,2,others,s,35,4,FALSE,50,CN,90,784,4.286989796,0
Woman,5,5,6,1000,3.894308943,246,pink,xs,2,2,FALSE,50,CN,87,4013,4.088711687,0
Woman,8,74,9,50000,3.555130572,7582,green,s,50,3,FALSE,50,CN,,53696,3.975193683,0
Woman,5,62,6,10,5,6,brown,extra_big_size,50,2,FALSE,50,CN,82,1072,3.934701493,0
Woman,5,5,6,20000,4.091249065,4011,grey,s,50,2,FALSE,50,CN,89,134330,4.192965086,0
Woman,6,6,7,1000,3.319672131,122,grey,xs,50,2,FALSE,50,CN,88,23501,4.127611591,0
Woman,14,14,16,10000,4.178893566,3326,others,s,50,4,FALSE,50,CN,92,14380,4.337413074,0
Woman,4.77,8,5.78,1000,4.083333333,36,white,xs,11,1,FALSE,50,CN,82,9530,3.878803778,0
Woman,5,5,6,1000,3.261904762,42,yellow,xs,3,2,FALSE,50,SG,84,6123,3.950024498,0
Woman,4.79,5,5.81,1000,3.5,50,green,s,50,2,FALSE,50,CN,82,14199,3.879498556,0
Man,4.81,8,5.83,10,-1,0,white,xs,2,2,FALSE,50,CN,,23,3.782608696,1
Woman,14,14,16,1000,3.830618893,307,blue,s,50,4,FALSE,50,CN,79,9743,3.78764241,0
Woman,5,5,6,1000,4.512195122,41,blue,extra_big_size,2,2,FALSE,50,CN,84,4871,4.012728393,0
Man,11,11,13,1000,3.431192661,109,grey,xs,50,3,FALSE,50,GB,79,1955,3.73657289,0
Woman,14,14,16,10,4.517241379,29,blue,s,50,4,FALSE,50,CN,86,14618,4.04487618,0
Woman,4.8,5,5.82,1000,3.441558442,231,others,extra_big_size,1,1,FALSE,50,CN,83,11077,3.975264061,0
Woman,6,6,7,10,4.130434783,23,black,others,50,2,FALSE,50,CN,,22516,4.161751643,0
Woman,4.72,5,5.72,1000,3.957317073,492,red,xs,50,2,FALSE,50,CN,,3409,3.98738633,0
Woman,21,21,25,1,-1,0,pink,s,50,7,FALSE,50,CA,80,1166,3.938250429,1
Man,10,10,11,5000,3.87993921,658,yellow,xs,20,2,FALSE,50,CN,,12785,3.934845522,0
Woman,7,7,8,10000,3.636464088,905,white,s,50,2,FALSE,50,CN,85,14027,4.004206174,0
Woman,7,7,8,10,3.666666667,9,dual,xs,1,3,FALSE,50,CN,88,1745,4.194269341,0
Woman,6,6,7,50000,4.20338343,13241,others,s,50,2,FALSE,50,CN,,39122,4.231020909,0
Woman,17,17,20,5,-1,0,black,xs,50,0,FALSE,50,CA,81,403,4.054590571,1
Man,7,43,8,20000,3.706645898,3852,black,xs,50,2,FALSE,50,CN,82,221277,3.8378277,0
Woman,25,25,30,0,-1,0,blue,s,20,8,FALSE,50,CA,80,1166,3.938250429,1
Woman,34,34,41,0,-1,0,blue,s,10,11,FALSE,29,CA,80,1166,3.938250429,1
Woman,7,7,8,10,4.111111111,9,blue,s,14,2,FALSE,50,CN,89,3894,4.243194658,0
Woman,4,4,4,10,3.942857143,35,green,xs,5,1,FALSE,50,CN,87,19415,4.081380376,0
Woman,6,6,7,5000,3.417489422,709,white,s,50,2,FALSE,50,CN,82,18839,3.887414406,0
Woman,4.69,5,5.68,1000,3.111111111,9,red,s,50,1,FALSE,50,CN,88,23501,4.127611591,0
Woman,7,7,8,1000,3.823129252,147,others,s,50,2,FALSE,50,CN,,53696,3.975193683,0
Woman,4.83,9,5.86,10,4.333333333,18,grey,xs,2,1,FALSE,50,CN,86,71253,4.050004912,0
Woman,10,10,11,1000,4.13229572,257,brown,s,50,2,FALSE,50,CN,83,15939,3.927536232,0
Man,10,24,11,10,3.91025641,78,red,s,50,3,FALSE,50,CN,90,62699,4.263257787,0
Woman,3.88,73,4.7,10,-1,0,blue,extra_big_size,3,1,FALSE,50,US,79,1345,3.827509294,1
Man,19,28,22,1000,4.407079646,226,green,others,50,6,FALSE,50,CN,91,1064,4.247180451,0
Man,14,18,16.5,0,-1,0,blue,s,1,9.95,FALSE,36,GB,92,548,4.452554745,1
Woman,13,13,15,10000,4.209585703,1231,purple,s,50,4,FALSE,50,CN,91,10688,4.294816617,0
Woman,7,7,8,10000,3.44331509,1279,red,xs,2,2,FALSE,50,US,,3084,3.850518807,0
Woman,29,29,35,10,-1,0,black,l,50,9,FALSE,50,CA,80,1166,3.938250429,1
Woman,24,24,29,4,-1,0,others,s,50,8,FALSE,50,VN,,2394,4.458646617,1
Woman,29,29,34,0,-1,0,others,others,50,9,FALSE,50,VN,94,999,4.472472472,1
Woman,37,37,44,0,-1,0,pink,others,3,11,TRUE,10,PL,95,8961,4.504296395,1
Woman,10,10,12,10,4.454545455,99,black,xs,50,3,FALSE,50,CN,90,1154,4.226169844,0
Woman,7,7,8,1000,4.306859206,277,black,xs,50,2,FALSE,50,CN,,361,3.930747922,0
Woman,2.19,73,2.65,10,3.727272727,33,blue,extra_small_size,1,1,FALSE,50,CN,,5343,3.658431593,0
Woman,8,8,9,1000,3.862660944,233,grey,s,50,3,FALSE,50,CN,,820,4.03902439,0
Woman,10,10,12,10,3.457142857,70,blue,s,50,3,FALSE,50,CN,85,1215,4.035390947,0
Woman,7,7,8,1000,4.339100346,289,black,extra_big_size,26,2,FALSE,50,CN,87,46351,4.067657656,0
Woman,20,38,24.14,10,4.4,5,black,s,50,8.33,FALSE,50,ES,,14,4.642857143,0
Woman,15,29,17.55,8,-1,0,others,others,50,9.99,FALSE,50,VN,90,303,4.320132013,1
Woman,14,14,16,1000,3.923694779,249,pink,s,50,5,FALSE,50,CN,83,59401,3.874901096,0
Woman,28,28,33,5,-1,0,others,others,50,8,FALSE,50,VN,90,897,4.370122631,1
Man,8,8,9,10,3.730769231,26,grey,xs,50,3,FALSE,50,IN,89,57,4.350877193,0
Man,17,19,20,10,4.178571429,84,black,extra_big_size,50,6,FALSE,50,CN,,10845,4.180451821,0
Woman,8,8,9,10,3.344827586,58,black,s,50,3,FALSE,50,CN,,3492,3.933848797,0
Woman,7,7,8,50000,4.073004695,8520,grey,s,50,3,FALSE,50,CN,91,45993,4.272584959,0
Woman,16,16,19,0,-1,0,black,s,50,5,FALSE,50,CA,80,1166,3.938250429,1
Woman,7,7,8,10,3.440366972,109,black,s,2,2,FALSE,50,CN,86,37910,4.079424954,0
Woman,3.04,31,3.69,10,5,1,yellow,others,2,1,FALSE,50,CH,82,223,3.892376682,0
Woman,7,8,8,10000,4.146421268,2445,red,s,50,2,FALSE,50,CN,89,142627,4.166097583,0
Woman,7,7,8,1000,3.806666667,150,green,s,50,2,FALSE,50,CN,,3215,3.897667185,0
Man,10,15,11,1000,4.090497738,442,black,s,50,7,TRUE,50,CN,88,5189,4.134515321,0
Woman,10,10,12,1000,3.779727096,513,black,s,50,3,FALSE,50,CN,86,156823,4.050930029,0
Woman,5,10,5,20000,4.00117801,7640,orange,xs,50,2,FALSE,50,CN,89,22516,4.161751643,0
Woman,14,139,16,10,3.5,10,brown,xs,3,5,FALSE,50,CN,82,2318,3.9188956,0
Woman,14,14,16,10,3.25,28,purple,xs,4,4,FALSE,50,CN,,1200,4.084166667,0
Woman,23,23,27,10,-1,0,others,s,50,0,FALSE,50,CA,81,403,4.054590571,1
Woman,5,5,6,1000,4.4,15,white,xs,50,2,FALSE,50,CN,,4883,4.107106287,0
Woman,19,19,22,2,-1,0,others,s,50,0,FALSE,50,CA,81,403,4.054590571,1
Woman,5,5,5,10,3.307692308,26,green,s,50,7,FALSE,50,US,,256,4.15625,0
Woman,7,67,8,1000,4.098765432,81,orange,xs,47,3,FALSE,50,CN,84,1121,3.993755575,0
Woman,34,34,41,0,-1,0,green,s,17,12,TRUE,50,PL,95,8961,4.504296395,1
Woman,7,10,8,1000,3.872340426,141,others,s,19,3,FALSE,50,CN,86,29366,4.056255534,0
Woman,10,12,12,1000,4.14340589,781,red,s,50,5,TRUE,50,CN,89,45637,4.217367487,0
Woman,22,29,26.41,0,-1,0,others,others,50,8.99,FALSE,50,VN,90,303,4.320132013,1
Woman,10,10,12,0,-1,0,grey,s,1,15,FALSE,6,TR,,0,5,1
Woman,32,32,38,0,-1,0,black,s,50,15,FALSE,50,CA,80,1166,3.938250429,1
Woman,10,10,12,10000,3.61059322,2360,blue,xs,50,3,FALSE,50,CN,,4325,3.849479769,0
Woman,8,8,9,1000,3.897280967,331,black,s,50,3,FALSE,50,CN,88,23501,4.127611591,0
Woman,10,10,11,10,4.255813953,86,white,s,50,2,FALSE,50,CN,88,75071,4.105326957,0
Woman,19,19,22,1,-1,0,green,s,50,11,FALSE,50,CA,80,1166,3.938250429,1
Man,10,10,11,10,4.5,16,black,s,50,2,FALSE,50,CN,86,70,4.071428571,0
Woman,43,43,52,0,-1,0,others,others,9,17,FALSE,9,KR,67,6,3.833333333,1
Woman,5,5,5,10,3.909090909,22,black,s,50,6,TRUE,50,CN,,117438,4.315383436,0
Woman,3.96,4,4.8,5000,3.830985915,213,grey,s,3,1,FALSE,50,CN,87,59075,4.047363521,0
Woman,12,12,14,20000,3.780346821,2422,black,m,32,4,FALSE,50,CN,87,63028,4.115520086,0
Woman,10,10,11,10,4.05,20,white,s,50,2,FALSE,50,CN,,34568,3.954350845,0
Woman,34,34,40,0,-1,0,yellow,s,50,0,FALSE,50,CA,81,403,4.054590571,1
Woman,8,14,9,10,4.633333333,30,red,m,50,6,TRUE,50,CN,89,4428,4.212962963,0
Man,5,5,6,10,5,1,others,s,2,2,FALSE,50,CN,87,3881,4.188611183,0
Woman,4.76,49,5.77,5000,3.524475524,1001,grey,xs,50,2,FALSE,50,CN,84,30084,3.963402473,0
Woman,8,14,9,20000,3.299147269,4339,white,s,50,3,FALSE,50,CN,82,27944,3.877827083,0
Woman,28,28,33,0,-1,0,green,m,50,8,FALSE,50,CA,,1166,3.938250429,1
Woman,10,10,11,1000,3.301136364,176,others,s,45,2,FALSE,50,CN,,73429,4.128818314,0
Woman,10,17,12,5000,3.944567627,902,others,s,50,3,FALSE,50,CN,86,3076,4.028283485,0
Woman,23,23,27,10,-1,0,white,s,50,7,FALSE,50,CA,80,1166,3.938250429,1
Woman,5,5,5,10,4.467532468,77,black,s,5,2,FALSE,50,CN,,10834,4.032859516,0
Woman,6,6,7,5000,4.383469844,1343,others,s,1,2,FALSE,50,CN,88,61120,4.127045157,0
Woman,11,73,13,1000,3.523297491,279,white,s,50,3,FALSE,50,CN,88,24273,4.187986652,0
Woman,3.14,4,3.8,20000,3.76618705,1946,others,others,50,1,FALSE,50,CN,87,5622,4.110281039,0
Woman,10,10,11,1000,4.108384458,489,white,s,38,6,FALSE,50,CN,90,5479,4.291111517,0
Woman,78,98,93.86,5,5,1,black,others,10,7.86,FALSE,50,IT,93,1294,4.411901082,0
Woman,3.04,4,3.68,10,-1,0,grey,xs,50,1,FALSE,50,CN,81,7948,3.876321087,1
Woman,4,4,4,5000,3.60110421,1449,yellow,s,2,1,FALSE,50,CN,,102220,4.058618666,0
Woman,5,5,5,10,4.5,2,green,xs,5,2,FALSE,50,CN,87,4013,4.088711687,0
Woman,3.84,30,4.66,1000,3.882183908,348,pink,s,50,1,FALSE,50,US,88,705,4.157446809,0
Woman,7,7,8,10,4.342857143,105,purple,xs,50,3,FALSE,50,CN,84,472,4.086864407,0
Man,12,12,14,10,3.8,5,green,s,50,5,TRUE,50,CN,87,3737,4.084292213,0
Woman,10,49,11,10000,4.252309879,1407,pink,s,27,2,FALSE,50,CN,,9603,3.875351453,0
Man,11,12,13,10,3.695652174,23,grey,s,50,5,TRUE,50,CN,,5738,4.03380969,0
Woman,11,16,13,1000,3.925619835,242,black,s,50,3,FALSE,50,CN,89,16022,4.213830982,0
Woman,25,25,30,0,-1,0,black,l,15,8,TRUE,50,PL,95,8961,4.504296395,1
Woman,3,3,3,10,4.352941176,34,green,s,2,1,FALSE,50,CN,87,59075,4.047363521,0
Woman,6,6,7,1000,3.821958457,337,black,extra_big_size,50,2,FALSE,50,CN,88,13555,4.163113242,0
Man,8,8,9,10,2.5,2,black,s,2,3,FALSE,50,CN,90,31,4.096774194,0
Woman,11,11,13,10,3.362068966,116,black,s,50,3,FALSE,50,CN,,8613,4.196563334,0
Woman,12,25,14.42,10,4,1,white,s,50,7.23,FALSE,50,ES,0,14,4.642857143,0
Woman,4.13,82,5,10,4.209302326,43,others,others,5,2,FALSE,50,VE,,220,4.118181818,0
Woman,6,6,7,1000,4.249070632,269,blue,xs,1,2,FALSE,50,CN,86,9310,4.012352309,0
Man,5,10,5,10,3.625,8,blue,s,2,1,FALSE,50,US,76,208,3.754807692,0
Woman,203,203,245,0,-1,0,beige,l,50,12,FALSE,50,KR,0,5,4.8,1
Woman,10,10,11,10000,4.287841191,3224,others,s,50,7,TRUE,50,CN,,35105,4.311721977,0
Man,7,81,8,1000,3.798657718,149,blue,extra_big_size,34,2,FALSE,50,CN,,21794,3.865284023,0
Woman,7,18,8,10,4.133333333,60,white,s,49,3,FALSE,50,CN,95,6359,4.521465639,0
Woman,4.73,5,5.73,1000,4.182608696,115,orange,xs,2,2,FALSE,50,CN,,321,4.08411215,0
Woman,42,42,50,0,-1,0,white,s,16,12,TRUE,16,PL,95,8961,4.504296395,1
Woman,16,16,19,1000,4.03358209,268,blue,s,50,6,TRUE,50,CN,,9180,4.133333333,0
Woman,8,8,9,10000,3.79676259,1668,white,extra_big_size,8,3,FALSE,50,CN,88,69063,4.103861691,0
Man,48,48,57,0,-1,0,white,m,50,0,FALSE,50,CA,81,403,4.054590571,1
Woman,5,33,5,5000,3.966329966,297,purple,xs,5,1,FALSE,50,CN,86,49738,4.03824038,0
Woman,10,10,11,50000,3.488902077,8425,black,xl,50,6,FALSE,50,CN,91,490206,4.29052276,0
Woman,21,21,25,1,-1,0,others,s,50,6,FALSE,50,CA,80,1166,3.938250429,1
Woman,15,15,18,1,-1,0,others,s,50,0,FALSE,50,CA,81,403,4.054590571,1
Woman,10,82,11,5000,4.014792899,1014,dual,s,50,2,FALSE,50,CN,89,7201,4.144979864,0
Woman,15,15,17.99,1,5,1,black,s,50,5.99,FALSE,50,TR,0,3,4.333333333,0
Woman,10,10,12,10,4.285714286,14,red,extra_big_size,5,3,FALSE,50,CN,83,20679,3.902799942,0
Woman,15,112,17,10,4.15,20,purple,s,50,5,FALSE,50,US,94,4480,4.452901786,0
Woman,12,42,14,1000,4.081395349,172,purple,s,50,4,FALSE,50,CN,84,28745,3.971229779,0
Woman,7,7,8,10,-1,0,red,s,50,3,FALSE,50,CN,80,57266,3.812541473,1
Woman,12,12,14,1000,4.150462963,432,blue,xs,50,3,FALSE,50,CN,88,12462,4.121168352,0
Woman,8,8,9,5000,3.994597515,1851,pink,m,50,3,FALSE,50,CN,88,55515,4.158912006,0
Woman,1.39,2,1.68,10,3.972222222,36,green,s,1,1,FALSE,50,CN,86,2190,4.100913242,0
Man,5,27,6,10,3.875,8,dual,others,50,2,FALSE,50,CN,85,1982,4.069122099,0
Woman,6,6,7,10,4.258064516,93,beige,xs,50,6,TRUE,50,CN,91,3646,4.293198025,0
Man,2.24,73,2.72,1000,3.040697674,344,others,extra_small_size,5,1,FALSE,50,CN,82,3719,3.87953751,0
Woman,12,24,14,10,4.142857143,7,yellow,s,50,3,FALSE,50,CN,84,516,3.984496124,0
Man,50,50,60,0,-1,0,others,l,50,12,FALSE,50,CA,80,1166,3.938250429,1
Woman,2.29,3,2.78,10,3.409090909,22,blue,others,25,1,FALSE,50,CN,,1286,3.952566096,0
Woman,11,11,13,10,4.275862069,29,grey,s,50,3,FALSE,50,CN,89,36478,4.213142168,0
Man,10,41,11,10,3.941176471,34,grey,xs,4,2,FALSE,50,CN,74,369,3.598915989,0
Woman,3.89,4,4.71,1000,3.530516432,213,pink,xs,20,1,FALSE,50,CN,,14199,3.879498556,0
Woman,33,33,39,0,-1,0,blue,s,50,11,FALSE,50,CA,80,1166,3.938250429,1
Woman,6,6,7,1000,3.86440678,177,white,xs,5,2,FALSE,50,CN,91,5854,4.309019474,0
Woman,10,10,11.58,1000,4.1875,16,blue,s,50,3.16,FALSE,50,CN,0,11,4.818181818,0
Woman,4.68,5,5.67,1000,3.78343949,314,purple,xs,50,2,FALSE,50,CN,88,23501,4.127611591,0
Woman,11,73,13,5000,3.724857685,527,purple,s,50,3,FALSE,50,CN,,475,3.844210526,0
Woman,12,14,14,1000,4.099346405,765,blue,s,50,4,FALSE,50,CN,90,10090,4.233399405,0
Woman,5,5,5,10000,3.685688406,1104,yellow,xs,3,2,FALSE,50,CN,86,16796,4.064836866,0
Woman,34,34,40,0,-1,0,black,m,5,11,FALSE,50,CA,80,1166,3.938250429,1
Man,10,10,12,10,5,2,blue,s,5,3,TRUE,50,CN,,40115,4.245568989,0
Woman,8,8,9,5000,3.227735369,786,others,xs,50,3,FALSE,50,CN,,1521,4.051282051,0
Woman,20,20,24,0,-1,0,black,s,50,6,FALSE,50,CA,,1166,3.938250429,1
Woman,12,14,14,20000,3.870323345,5907,green,xs,50,5,TRUE,50,CN,,156397,4.129938554,0
Woman,15,15,17.99,0,-1,0,black,s,50,5.99,FALSE,50,TR,0,3,4.333333333,1
Woman,19,19,22,1000,3.98615917,289,black,s,50,5,FALSE,50,CN,,4155,4.159566787,0
Woman,5,5,6,10,3.666666667,3,yellow,s,2,2,FALSE,50,CN,90,11536,4.255027739,0
Woman,15,15,17.99,0,-1,0,black,s,50,5.99,FALSE,50,TR,0,3,4.333333333,1
Woman,13,15,15,10,4.1,80,others,s,50,5,TRUE,50,CN,86,2517,4.073897497,0
Man,4.72,29,5.72,10,4.090909091,11,green,s,9,1,FALSE,50,CN,,46,4.5,0
Woman,7,7,8,5000,3.575212867,1057,grey,xs,20,2,FALSE,50,CN,81,6799,3.859979409,0
Woman,3,3,3,10,4.076923077,78,others,others,50,1,FALSE,50,US,,2268,4.249559083,0
Man,6,13,7,5000,3.573617021,1175,black,xs,3,2,FALSE,50,CN,87,5710,4.060945709,0
Woman,31,31,37,0,-1,0,black,others,13,10,TRUE,38,PL,95,8961,4.504296395,1
Woman,29,29,35,0,-1,0,blue,s,50,9,FALSE,50,CA,80,1166,3.938250429,1
Woman,10,10,11,1000,4.39516129,124,blue,s,20,2,FALSE,50,CN,90,412,4.288834951,0
Woman,46,46,55,0,-1,0,blue,s,50,12,FALSE,50,CA,80,1166,3.938250429,1
Woman,7,7,8,10,3.4,5,white,s,4,3,FALSE,50,CN,85,1392,4.047413793,0
Woman,28,28,33,5,5,1,white,s,19,8,FALSE,50,CA,80,1166,3.938250429,0
Woman,11,11,13,1000,3.464285714,168,black,s,50,3,FALSE,50,CN,86,7353,4.019447844,0
Woman,25,25,30,0,-1,0,white,others,14,8,TRUE,14,PL,95,8961,4.504296395,1
Woman,11,11,13,10,4.307692308,78,blue,m,50,3,FALSE,50,CN,90,13731,4.250819314,0
Woman,10,16,11,10,4.025,160,grey,s,19,3,TRUE,50,CN,89,7381,4.204579325,0
Man,6,11,7,5000,4.053050398,1508,dual,others,50,3,TRUE,50,CN,,1998,4.238738739,0
Woman,16,16,19,2,-1,0,green,s,50,5,FALSE,50,CA,80,1166,3.938250429,1
Woman,4.66,5,5.65,1000,3.967741935,93,pink,s,8,2,FALSE,50,CN,,14199,3.879498556,0
Woman,20,20,24,0,-1,0,others,others,50,6,FALSE,50,KR,69,16,3.6875,1
Woman,25,25,30,5,-1,0,blue,m,50,9,FALSE,50,CA,80,1166,3.938250429,1
Man,3.84,12,4.66,1000,3.37037037,27,yellow,xs,1,1,FALSE,50,US,,208,3.754807692,0
Woman,11,11,13,1000,3.502793296,537,green,s,50,3,FALSE,50,CN,,393,3.832061069,0
Woman,15,15,17,9,-1,0,brown,s,50,0,FALSE,50,CA,,403,4.054590571,1
Woman,5,5,5,5000,4.137123746,897,red,xs,30,2,FALSE,50,CN,88,10874,4.101802465,0
Woman,15,156,18,10,4.131578947,38,blue,m,50,5,FALSE,50,CN,91,2620,4.338549618,0
Woman,12,12,14,10,4.174603175,63,beige,l,50,3,FALSE,50,CN,92,440,4.390909091,0
Woman,11,11,12.53,6,-1,0,others,others,19,6.95,FALSE,50,GB,89,65,4.230769231,1
Woman,14,14,16,2,-1,0,black,s,50,5,FALSE,50,CA,,1166,3.938250429,1
Woman,13,13,15,5000,4.161052632,950,blue,extra_big_size,50,4,FALSE,50,CN,,17768,4.035006754,0
Woman,6,6,7,1000,3.186746988,498,white,s,50,2,FALSE,50,CN,90,18219,4.258246885,0
Woman,8,8,9,10,3.85,40,pink,xs,10,3,FALSE,50,CN,94,1063,4.416745061,0
Woman,5,5,5,10000,3.337777778,1125,white,s,50,1,FALSE,50,CN,85,39504,4.013188538,0
Woman,2.19,3,2.66,10,4.333333333,9,green,xs,2,1,FALSE,50,CN,79,9124,3.70517317,0
Woman,11,11,13,10,3,6,pink,xs,50,3,FALSE,50,US,74,47,3.574468085,0
Woman,3.14,4,3.8,1000,3.58490566,159,grey,xs,2,1,FALSE,50,CN,86,7591,4.003688579,0
Woman,16,16,19,0,-1,0,black,s,50,12,FALSE,50,CA,80,1166,3.938250429,1
Woman,10,10,12,10,5,2,green,s,50,3,FALSE,50,CN,,137409,4.297935361,0
Man,12,12,14,10,5,3,black,s,50,5,TRUE,50,CN,,40115,4.245568989,0
Woman,6,49,7,20000,4.223852638,3203,white,s,50,2,FALSE,50,CN,84,38404,3.970315592,0
Man,15,15,17.55,10,5,1,others,others,50,9.99,FALSE,50,VN,,191,4.54973822,0
Woman,8,8,9,1000,3.937198068,414,black,s,50,3,FALSE,50,CN,84,38535,3.968029064,0
Woman,29,29,34,1,-1,0,orange,xl,1,9,FALSE,1,US,,10724,4.563315927,1
Woman,8,8,9,1000,3.734782609,230,yellow,xs,50,3,FALSE,50,CN,84,663,4.004524887,0
Woman,10,11,11,10,4.485148515,101,blue,s,50,3,FALSE,50,CN,90,40115,4.245568989,0
Woman,25,25,30,10,2,1,orange,m,49,0,FALSE,50,CA,,403,4.054590571,0
Woman,4.76,73,5.77,10,-1,0,red,xs,3,2,FALSE,50,US,75,616,3.688311688,1
Woman,12,12,14,1000,4.4078478,841,white,s,50,4,FALSE,50,CN,90,85707,4.227005962,0
Woman,6,6,7,1000,4.318376068,468,green,xs,50,2,FALSE,50,CN,86,7721,4.071363813,0
Woman,29,29,34,0,-1,0,purple,s,2,9,TRUE,2,PL,95,8961,4.504296395,1
Woman,29,29,35,0,-1,0,black,others,11,9,TRUE,39,PL,95,8961,4.504296395,1
Woman,5,5,5,10000,3.268845897,1499,white,xs,15,2,FALSE,50,CN,,14199,3.879498556,0
Woman,32,32,38,0,-1,0,others,l,3,10,TRUE,37,PL,95,8961,4.504296395,1
Man,7,7,8,10,2.666666667,3,orange,others,50,3,TRUE,50,CN,88,1993,4.166583041,0
Woman,17,83,20,1000,3.560145808,823,grey,s,50,6,FALSE,50,CN,,6446,4.092770711,0
Woman,38,38,46,0,-1,0,white,others,6,12,TRUE,33,PL,95,8961,4.504296395,1
Man,24,29,28,0,-1,0,others,others,50,8,FALSE,50,VN,94,999,4.472472472,1
Woman,5,5,5,5000,3.410488246,553,green,xs,5,1,FALSE,50,CN,87,4013,4.088711687,0
Woman,3.89,4,4.71,10,-1,0,pink,extra_big_size,3,1,FALSE,50,CN,0,6,4.5,1
Woman,25,29,30,0,-1,0,others,others,50,9,FALSE,50,VN,94,999,4.472472472,1
Woman,21,21,25,8,-1,0,orange,others,50,6,FALSE,50,CA,80,1166,3.938250429,1
Woman,3.99,4,4.84,5000,3.870300752,532,yellow,s,2,1,FALSE,50,CN,,4078,4.166748406,0
Woman,35,35,42,0,-1,0,white,s,50,0,FALSE,50,CA,81,403,4.054590571,1
Woman,4.78,6,5.79,10000,4.089026915,2898,others,s,5,7,FALSE,50,CN,91,12993,4.269991534,0
Man,22,29,26.41,0,-1,0,others,others,50,8.99,FALSE,50,VN,90,303,4.320132013,1
Woman,7,55,8,10,4,28,black,s,50,3,FALSE,50,CN,86,1792,4.040736607,0
Woman,14,14,16,20000,4.066563809,4537,blue,s,50,8,TRUE,50,CN,91,45065,4.287429269,0
Woman,3.89,4,4.71,1000,4.465648855,131,dual,xs,2,1,FALSE,50,CN,88,611,4.245499182,0
Woman,15,15,17.99,0,-1,0,black,s,50,5.99,FALSE,50,TR,0,3,4.333333333,1
Woman,5,5,6,1000,3.56851312,343,red,xs,3,2,FALSE,50,CN,,1831,4.081376297,0
Woman,12,12,14,10,3.486486486,37,white,s,50,4,FALSE,50,CN,,5776,3.9466759,0
Woman,15,15,18,20000,3.784677419,1240,blue,s,50,5,FALSE,50,CN,84,14527,3.961313416,0
Woman,19,19,23,10,-1,0,white,s,50,6,FALSE,50,US,92,1443,4.378378378,1
Woman,7,7,8,5000,3.889563107,824,pink,m,36,2,FALSE,50,CN,89,4201,4.22851702,0
Woman,10,14,11,1000,3.39408867,406,others,xs,8,2,FALSE,50,CN,80,19177,3.758460656,0
Woman,4,4,4,1000,4.385214008,257,black,s,50,7,TRUE,50,CN,86,346498,4.071769534,0
Woman,10,10,11,1000,4.019900498,603,black,extra_big_size,45,2,FALSE,50,CN,82,28780,3.900868659,0
Woman,5,9,6,1000,3.878787879,33,white,extra_big_size,5,2,FALSE,50,CN,86,15289,4.048597031,0
Woman,5,10,5,10000,4.148414986,1388,green,xs,50,2,FALSE,50,CN,86,1060,4.11509434,0
Woman,28,28,33,3,1,1,others,s,50,8,FALSE,50,VN,92,2394,4.458646617,0
Woman,11,48,13,1000,3.846473029,241,pink,m,50,3,FALSE,50,CN,87,422,4.104265403,0
Woman,4,4,4,10,3.285714286,7,purple,xs,4,1,FALSE,50,CN,83,2808,3.933404558,0
Woman,7,7,8,10,3.615384615,13,red,l,50,3,FALSE,50,CN,,1315,3.906463878,0
Woman,6,6,7,10,4.296296296,27,red,s,50,2,FALSE,50,US,89,440,4.163636364,0
Woman,5,50,6,5000,3.75476493,787,white,xs,3,2,FALSE,50,CN,87,7037,4.098763678,0
Woman,3.02,4,3.66,20000,3.669461078,1670,white,s,50,1,FALSE,50,CN,91,10555,4.30828991,0
Woman,15,15,18,0,-1,0,white,s,50,5,FALSE,50,CA,80,1166,3.938250429,1
Woman,4.73,5,5.73,10,3,1,others,xs,3,2,FALSE,50,CN,,10185,3.964064801,0
Woman,7,7,8,5000,4.116451017,541,orange,xs,1,2,FALSE,50,CN,87,66859,4.059991923,0
Woman,15,15,17,2,-1,0,black,s,50,10,FALSE,50,CA,80,1166,3.938250429,1
Woman,7,7,8,10,3.474576271,59,grey,xs,4,2,FALSE,50,CN,82,14199,3.879498556,0
Woman,7,7,8,10,4,10,blue,s,50,8,FALSE,50,CN,88,2319,4.156101768,0
Woman,7,7,8,5000,3.631578947,532,black,s,50,2,FALSE,50,CN,83,6290,3.952146264,0
Woman,7,7,8,1000,3.965909091,176,blue,xs,2,2,FALSE,50,CN,82,321,4.08411215,0
Woman,15,15,17.99,0,-1,0,black,s,50,5.99,FALSE,50,TR,0,3,4.333333333,1
Man,25,25,30,1,-1,0,others,s,50,9,FALSE,50,VN,92,2394,4.458646617,1
Woman,4.79,5,5.8,20000,3.950511382,3031,blue,s,31,2,FALSE,50,CN,82,39110,3.879007926,0
Woman,10,21,12,1000,4.025974026,693,yellow,xs,5,3,FALSE,50,CN,,5018,4.315265046,0
Woman,26,26,31,0,-1,0,others,s,50,9,FALSE,50,VN,92,2394,4.458646617,1
Woman,10,15,11,1000,3.912234043,376,red,s,2,3,FALSE,50,CN,90,9122,4.199846525,0
Woman,5,25,6,1000,3.98757764,483,white,xs,50,2,FALSE,50,CN,,1279,4.175918686,0
Woman,6,6,7,10,4.081081081,37,others,xs,2,2,FALSE,50,CN,85,2475,4.014545455,0
Woman,4.82,5,5.84,5000,3.736462094,554,white,xs,5,2,FALSE,50,CN,85,2475,4.014545455,0
Woman,32,32,38,0,-1,0,beige,m,3,11,TRUE,14,PL,95,8961,4.504296395,1
Woman,10,10,11,10000,4.022933011,1657,blue,s,50,3,FALSE,50,CN,,15939,3.927536232,0
Woman,10,10,11,10,3.466666667,15,white,xs,1,2,FALSE,50,CN,91,3601,4.304915301,0
Woman,3.89,4,4.72,10,3.818181818,11,pink,xs,50,1,FALSE,50,CN,91,19295,4.254210935,0
Man,7,9,8,10,3.769230769,26,black,s,50,2,FALSE,50,CN,87,330,4.042424242,0
Woman,32,32,38,0,-1,0,white,l,9,11,TRUE,24,PL,95,8961,4.504296395,1
Man,10,10,12,10,3.909090909,33,green,s,50,5,TRUE,50,CN,90,17980,4.228587319,0
Woman,14,18,16,10,3.55,80,blue,m,50,5,FALSE,50,CN,90,13731,4.250819314,0
Woman,24,24,29,1,-1,0,blue,s,50,13,FALSE,50,CA,80,1166,3.938250429,1
Man,14,14,16,10,3.807881773,203,others,m,50,4,FALSE,50,CN,,1491,3.827632461,0
Woman,32,32,38,10,4.333333333,15,others,xs,50,11,FALSE,50,CN,96,1643,4.596469872,0
Woman,5,5,6,1000,3.266968326,221,black,m,50,2,FALSE,50,CN,85,840,4.055952381,0
Woman,15,15,17.99,0,-1,0,black,s,50,5.99,FALSE,50,TR,0,3,4.333333333,1
Woman,7,25,8,1000,4.062068966,290,black,s,50,2,FALSE,50,CN,93,5868,4.377471029,0
Woman,12,12,14,10,4.32,25,others,extra_big_size,5,4,FALSE,50,CN,89,11271,4.166089965,0
Woman,12,12,14,1000,4.777777778,9,black,s,50,3,FALSE,50,CN,85,48696,3.99745359,0
Woman,26,26,31,0,-1,0,black,s,50,0,FALSE,50,CA,81,403,4.054590571,1
Woman,2,2,2,1000,3.708333333,120,others,s,50,1,FALSE,50,CN,79,981,3.903160041,0
Woman,6,9,7,5000,4.20433145,1062,red,s,50,2,FALSE,50,CN,90,15946,4.197667127,0
Woman,15,15,18,10,2,2,green,s,5,5,FALSE,50,CN,78,2212,3.754520796,0
Woman,4.77,5,5.78,10000,3.224215247,1338,blue,s,50,2,FALSE,50,CN,81,7948,3.876321087,0
Woman,14,14,16,1000,4.225,960,others,s,50,5,FALSE,50,CN,,1910,4.07486911,0
Woman,4.84,5,5.87,10,3.844444444,135,green,s,17,2,FALSE,50,CN,83,2808,3.933404558,0
Woman,43,43,51,0,-1,0,black,others,17,12,TRUE,47,PL,95,8961,4.504296395,1
Woman,11,14,13,10000,4.079770992,2620,black,s,25,3,FALSE,50,CN,89,26106,4.197579101,0
Woman,17,17,20,7,3,2,red,m,50,11,FALSE,50,CA,80,1166,3.938250429,0
Woman,4.83,5,5.85,5000,3.604316547,695,blue,xs,5,2,FALSE,50,CN,88,14803,4.115990002,0
Woman,35,35,42,0,-1,0,black,l,22,17,FALSE,50,CA,80,1166,3.938250429,1
Woman,11,73,13,1000,3.585185185,270,green,s,10,3,FALSE,50,CN,,9187,4.269620115,0
Man,10,10,12,10,3.151515152,33,black,s,16,3,FALSE,50,US,76,208,3.754807692,0
Woman,2.27,3,2.75,1000,3.793333333,150,black,xs,1,1,FALSE,50,CN,85,2673,3.993640105,0
Woman,10,10,11,1000,3.947488584,438,blue,s,50,2,FALSE,50,CN,87,7605,4.100854701,0
Woman,6,6,7,10,4.177419355,62,green,xs,50,2,FALSE,50,CN,85,400,3.9425,0
Woman,10,44,11,10,-1,0,green,xs,1,2,FALSE,50,CN,90,6820,4.228739003,1
Woman,5,5,5,1000,3.430493274,223,grey,xs,3,1,FALSE,50,CN,,17935,4.022191246,0
Woman,8,8,9,1000,4,3,green,xs,50,3,FALSE,50,CN,92,3789,4.344945896,0
Woman,22,22,26,10,-1,0,blue,l,50,7,FALSE,50,CA,80,1166,3.938250429,1
Woman,10,10,11,50000,3.659111839,19546,pink,extra_big_size,18,2,FALSE,50,CN,86,156823,4.050930029,0
Woman,31,31,37,0,-1,0,black,others,7,10,TRUE,29,PL,95,8961,4.504296395,1
Woman,10,10,11,10,3.245614035,57,grey,s,50,3,FALSE,50,CN,,7273,3.959989,0
Woman,4.67,5,5.66,5000,4.03202329,687,pink,xs,50,1,FALSE,50,CN,89,2393,4.183451734,0
Woman,5,5,5,1000,3.636363636,55,black,xs,50,2,FALSE,50,CN,88,23501,4.127611591,0
Woman,2.24,3,2.72,5000,3.697466468,671,white,xs,1,1,FALSE,50,CN,82,4556,3.919446883,0
Woman,32,32,38,0,-1,0,black,others,3,11,TRUE,5,PL,95,8961,4.504296395,1
Woman,14,47,16,10000,3.931467181,1036,blue,s,50,5,FALSE,50,CN,84,38404,3.970315592,0
Woman,30,30,36,0,-1,0,black,others,4,10,TRUE,4,PL,95,8961,4.504296395,1
Woman,8,8,9,1000,3.724056604,424,grey,extra_big_size,10,3,FALSE,50,CN,88,9916,4.135941912,0
Woman,3.04,4,3.68,10,5,2,purple,xs,8,1,FALSE,50,CN,82,14199,3.879498556,0
Woman,28,28,33,0,-1,0,green,l,50,9,FALSE,50,CA,80,1166,3.938250429,1
Woman,4.69,5,5.68,1000,4.417322835,127,others,xs,50,1,FALSE,50,CN,82,5222,3.892569897,0
Woman,6,6,7,1000,3,3,yellow,s,50,2,FALSE,50,CN,,23501,4.127611591,0
Man,6,6,7,10,4.666666667,24,pink,others,50,2,FALSE,50,US,,12,4.75,0
Woman,4.74,5,5.75,1000,3.292134831,89,white,s,50,1,FALSE,50,CN,90,4761,4.282923756,0
Woman,5,8,6,1000,4.167088608,395,green,s,50,2,FALSE,50,CN,85,24721,4.019497593,0
Woman,11,11,13,10,3.964912281,57,black,s,9,3,FALSE,50,CN,,3010,4.188372093,0
Woman,16,16,19,4,-1,0,blue,xl,50,6,FALSE,50,CA,80,1166,3.938250429,1
Woman,8,10,9,1000,3.600767754,521,white,s,50,3,FALSE,50,CN,86,29366,4.056255534,0
Woman,22,22,26,10,5,6,orange,others,46,7,FALSE,50,CN,85,402,4.146766169,0
Woman,15,128,18,10,3.5,22,black,s,20,5,FALSE,50,CN,81,1421,3.87895848,0
Woman,29,29,35,1,-1,0,red,others,50,9,FALSE,50,CA,80,1166,3.938250429,1
Woman,4,4,4,1000,3.66015625,256,black,xs,1,1,FALSE,50,CN,86,49390,4.048653574,0
Man,15,100,17,10,3,1,grey,m,50,5,FALSE,50,CN,58,157,2.910828025,0
Woman,7,9,8,1000,4.220338983,118,black,s,50,2,FALSE,50,CN,89,38587,4.169305725,0
Woman,11,11,13,10,2.692307692,26,white,s,50,3,FALSE,50,CN,85,7622,4.018892679,0
Woman,4.74,5,5.74,5000,3.349657199,1021,green,s,50,2,FALSE,50,CN,,17036,4.225581122,0
Woman,5,5,5,1000,4.186046512,86,red,xs,50,1,FALSE,50,US,84,8919,3.942482341,0
Woman,32,32,38,0,-1,0,yellow,others,3,11,TRUE,36,PL,95,8961,4.504296395,1
Woman,22,29,26.41,0,-1,0,others,others,50,8.99,FALSE,50,VN,90,303,4.320132013,1
Woman,31,31,37,0,-1,0,blue,xl,3,10,TRUE,6,PL,95,8961,4.504296395,1
Man,10,21,11,1000,3.718309859,71,yellow,s,8,3,FALSE,50,CN,88,67,4.059701493,0
Woman,6,6,7,1000,3.588785047,107,black,xs,8,2,FALSE,50,CN,85,387,4.010335917,0
Woman,6,25,7,10000,4.036195286,1188,white,s,50,2,FALSE,50,CN,90,9099,4.208594351,0
Woman,10,10,11,10,4.235294118,17,black,m,50,3,FALSE,50,CN,90,21856,4.255627745,0
Woman,5,5,6,1000,3.923076923,13,green,xs,50,2,FALSE,50,CN,88,23501,4.127611591,0
Woman,19,19,23,4,-1,0,white,others,50,0,FALSE,50,CA,,403,4.054590571,1
Woman,10,10,12,10000,4.195847363,1782,white,s,50,3,FALSE,50,CN,92,3612,4.331672204,0
Woman,24,24,28,2,-1,0,beige,s,50,13,TRUE,50,CA,,1166,3.938250429,1
Woman,4.76,5,5.77,5000,3.859250851,881,black,s,50,1,FALSE,50,CN,91,23420,4.230956447,0
Woman,4.82,5,5.84,1000,3.337931034,145,white,s,50,6,TRUE,50,CN,,571636,4.2384297,0
Man,14,110,16,1000,4.038461538,78,black,xs,50,5,FALSE,50,CN,,11118,3.884961324,0
Woman,24,24,28,0,-1,0,black,others,17,8,TRUE,50,PL,95,8961,4.504296395,1
Woman,4.67,5,5.66,10,2.8,5,green,xs,1,1,FALSE,50,CN,82,16549,3.887425222,0
Woman,38,38,46,0,-1,0,green,s,50,0,FALSE,50,CA,81,403,4.054590571,1
Woman,3.94,4,4.77,10,4.614035088,171,pink,others,50,1,FALSE,50,CN,92,230680,4.350624241,0
Woman,33,33,39,0,-1,0,white,others,5,11,TRUE,5,PL,95,8961,4.504296395,1
Woman,7,7,8,100000,3.970630717,12462,red,s,8,7,TRUE,50,CN,89,95150,4.157761429,0
Woman,6,6,7,100000,3.539064154,18892,grey,m,50,2,FALSE,50,CN,84,19642,3.888809694,0
Woman,37,37,44,0,-1,0,green,s,50,12,FALSE,50,CA,,1166,3.938250429,1
Woman,20,20,24,0,-1,0,black,m,50,6,FALSE,50,CA,,1166,3.938250429,1
Woman,8,8,9,5000,3.731001206,829,white,extra_big_size,28,3,FALSE,50,CN,,5830,4.025042882,0
Woman,28,28,33,0,-1,0,others,xl,8,9,FALSE,50,CA,80,1166,3.938250429,1
Woman,10,49,11,10,3.68,25,green,s,50,2,FALSE,50,CN,86,1184,4.033783784,0
Woman,10,62,11,10,3.5,22,black,s,50,3,FALSE,50,CN,84,4262,3.988033787,0
Woman,12,28,14,1000,3.263803681,163,blue,s,50,3,FALSE,50,CN,80,1224,3.817810458,0
Woman,15,15,17,2,-1,0,black,s,50,5,FALSE,50,CA,80,1166,3.938250429,1
Woman,4.74,12,5.74,10,3.435897436,39,black,others,3,1,FALSE,50,CN,79,252,3.876984127,0
Woman,7,8,8,1000,3.345714286,350,pink,extra_big_size,1,3,FALSE,50,CN,83,20679,3.902799942,0
Woman,38,38,45,1,-1,0,green,others,50,0,FALSE,50,CA,81,403,4.054590571,1
Woman,5,5,6,10,3.583333333,24,pink,xs,1,2,FALSE,50,US,,3084,3.850518807,0
Woman,8,8,9,10,-1,0,black,s,50,3,FALSE,50,CN,,21856,4.255627745,1
Woman,4.69,16,5.69,1000,3.56626506,249,others,m,50,1,FALSE,50,US,84,1077,3.986072423,0
Woman,33,33,39,0,-1,0,black,others,18,11,TRUE,50,PL,95,8961,4.504296395,1
Woman,7,7,8,10,3.6,20,white,s,2,3,FALSE,50,CN,92,9682,4.310679612,0
Woman,3.97,21,4.81,10,2.802631579,76,blue,xs,1,1,FALSE,50,US,71,89,3.303370787,0
Woman,7,7,8,1000,4.023952096,501,others,extra_big_size,45,2,FALSE,50,CN,87,8149,4.063075224,0
Woman,10,10,11,1000,4.268041237,194,others,s,50,2,FALSE,50,CN,91,1315,4.254752852,0
Woman,3.95,52,4.79,1000,4.454545455,22,grey,extra_small_size,1,1,FALSE,50,CN,82,342,3.956140351,0
Woman,4.71,5,5.71,10,3.722222222,18,yellow,xs,50,2,FALSE,50,CN,86,7721,4.071363813,0
Woman,4.76,5,5.77,10,4.586206897,29,yellow,xs,10,2,FALSE,50,CN,86,608,4.011513158,0
Woman,8,8,9,1000,3.773333333,375,blue,xs,50,3,FALSE,50,CN,87,327,4.091743119,0
Woman,12,14,14,10,3.597402597,77,green,s,50,6,TRUE,50,CN,89,19959,4.190139787,0
Woman,3.14,10,3.81,10000,3.839474799,2361,white,s,50,1,FALSE,50,CN,91,6456,4.22413259,0
Woman,3.92,4,4.75,10,3.234042553,47,black,s,50,5,TRUE,50,CN,86,346498,4.071769534,0
Woman,44,44,53,0,-1,0,pink,s,7,12,TRUE,22,PL,95,8961,4.504296395,1
Woman,4.72,7,5.72,1000,3.398533007,409,white,xs,2,1,FALSE,50,CN,84,2614,3.987758225,0
Woman,10,55,11,10,3.846153846,13,purple,s,50,3,FALSE,50,CN,84,749,3.950600801,0
Man,3.88,37,4.7,10000,3.955626715,2186,others,xs,1,1,FALSE,50,CN,89,23645,4.137788116,0
Woman,2,16,2,5000,4.631849315,584,black,others,50,1,FALSE,50,CN,90,3629,4.268669055,0
Woman,17,17,20,1000,3.415730337,89,yellow,others,45,6,FALSE,50,US,,3084,3.850518807,0
Woman,4.84,5,5.87,1000,5,2,pink,xs,2,1,FALSE,50,CN,84,1018,4.011787819,0
Man,7,14,8,10,4.46875,32,blue,s,50,7,TRUE,50,CN,,5738,4.03380969,0
Woman,3.97,4,4.81,10,4.5,2,purple,xs,10,1,FALSE,50,CN,87,105,4.019047619,0
Woman,28,28,33,0,-1,0,others,others,50,9,FALSE,50,VN,94,999,4.472472472,1
Woman,10,10,11,1000,4.278074866,187,white,s,50,3,FALSE,50,CN,85,10986,4.005006372,0
Woman,7,25,8,10000,3.777572681,2167,black,s,50,3,FALSE,50,Unknown,87,852711,4.103545046,0
Woman,6,6,7,10,4.086956522,23,red,s,50,8,TRUE,50,CN,91,1096,4.28649635,0
Woman,14,58,16,1000,4.007481297,401,green,s,50,4,FALSE,50,CN,,2380,4.210504202,0
Man,69,69,83,0,-1,0,others,others,50,12,FALSE,50,KR,69,16,3.6875,1
Woman,6,6,7,10,-1,0,yellow,extra_big_size,3,2,FALSE,50,CN,87,2307,4.124837451,1
Woman,10,10,11,10,3.764705882,68,blue,extra_big_size,1,2,FALSE,50,CN,,226,3.646017699,0
Woman,26,26,31,0,-1,0,others,others,50,9,FALSE,50,VN,92,545,4.388990826,1
Woman,6,6,7,10,4.444444444,9,white,s,50,8,TRUE,50,US,88,618,4.116504854,0
Woman,21,21,25,10,-1,0,black,m,50,6,FALSE,50,CA,80,1166,3.938250429,1
Woman,4.74,5,5.74,10000,3.788443616,1073,others,s,50,1,FALSE,50,CN,,23501,4.127611591,0
Woman,10,10,12,5000,3.721666667,1200,others,s,50,3,FALSE,50,CN,86,156823,4.050930029,0
Woman,13,14,15,10,4.534482759,58,blue,s,50,5,TRUE,50,CN,87,11042,4.098351748,0
Man,7,14,8,1000,4.098445596,193,yellow,s,50,6,TRUE,50,CN,86,5738,4.03380969,0
Woman,32,32,38,0,-1,0,blue,s,2,11,TRUE,7,PL,95,8961,4.504296395,1
Woman,10,24,11,10,2.428571429,7,blue,s,50,3,FALSE,50,CN,83,26926,3.945405927,0
Woman,7,13,8,10,4.214285714,84,black,xs,50,2,FALSE,50,US,,2009,4.140368342,0
Woman,23,165,27,20000,3.406067057,1879,blue,xs,50,7,FALSE,50,CN,81,2674,3.869857891,0
Woman,10,10,11,20000,4.141441441,3330,red,s,50,3,FALSE,50,CN,90,8871,4.179010258,0
Woman,37,37,44,0,-1,0,pink,s,50,16,FALSE,50,CA,80,1166,3.938250429,1
Woman,22,29,26.41,0,-1,0,others,others,50,8.99,FALSE,50,VN,90,303,4.320132013,1
Woman,4.82,5,5.84,20000,3.623984526,2585,orange,xs,50,2,FALSE,50,CN,82,39110,3.879007926,0
Woman,10,11,11,1000,4.262833676,487,black,s,50,3,FALSE,50,CN,89,19959,4.190139787,0
Woman,4.75,14,5.76,10,5,1,white,extra_big_size,50,2,FALSE,50,US,71,264,3.583333333,0
Woman,3.14,4,3.81,10,4.375,8,green,xs,9,1,FALSE,50,CN,82,39110,3.879007926,0
Woman,11,11,13,10,4.136363636,44,green,s,50,4,TRUE,50,CN,89,36478,4.213142168,0
Man,7,88,8,1000,3.417721519,79,blue,extra_big_size,50,2,FALSE,50,CN,,12487,3.963321855,0
Woman,22,29,26.41,0,-1,0,others,others,50,8.99,FALSE,50,VN,90,303,4.320132013,1
Woman,42,42,50,0,-1,0,black,others,2,12,TRUE,5,PL,95,8961,4.504296395,1
Woman,11,11,13,10000,3.839171189,2027,blue,s,50,3,FALSE,50,CN,91,62231,4.267037329,0
Woman,16,21,19,10,4.316666667,60,black,s,50,10,TRUE,50,CN,90,13731,4.250819314,0
Woman,10,10,11,10,4.142857143,21,black,s,50,4,TRUE,50,CN,,897,4.254180602,0
Woman,7,7,8,10,-1,0,red,xs,50,3,FALSE,50,CN,82,24979,3.884543016,1
Woman,10,73,11,20000,4.385961611,5314,dual,l,5,3,FALSE,50,CN,95,6834,4.449956102,0
Woman,5,5,6,50000,3.759306414,8247,white,xs,50,6,TRUE,50,CN,86,106032,4.051409009,0
Woman,12,12,14,5000,4.126282557,1267,black,s,9,3,FALSE,50,CN,85,3420,3.953216374,0
Woman,34,34,41,0,-1,0,green,others,15,11,TRUE,36,PL,95,8961,4.504296395,1
Woman,5,8,5,10000,3.78121547,1810,purple,s,50,2,FALSE,50,CN,87,11635,4.066351526,0
Woman,24,29,29,0,-1,0,others,others,50,8,FALSE,50,VN,94,999,4.472472472,1
Woman,14,14,16,10,3.981481481,54,pink,m,50,4,FALSE,50,CN,94,14042,4.429639652,0
Woman,6,6,7,10,5,1,black,l,50,8,TRUE,50,CN,,503051,4.256749316,0
Woman,4.74,7,5.74,10,3.457627119,59,grey,extra_big_size,1,1,FALSE,50,CN,84,530,3.901886792,0
Woman,4,4,4,1000,4.25,16,blue,xs,50,1,FALSE,50,CN,,9071,3.97530592,0
Woman,3.07,4,3.72,10,4.428571429,14,others,others,7,1,FALSE,50,CN,92,5550,4.330810811,0
Woman,5,5,5,1000,3.252631579,190,red,xs,50,2,FALSE,50,CN,89,7041,4.203664252,0
Woman,17,17,20,0,-1,0,others,others,50,6,FALSE,50,VN,92,13,4.769230769,1
Woman,3.97,4,4.81,1000,4.161016949,118,pink,xs,50,1,FALSE,50,CN,83,4165,3.93877551,0
Woman,6,6,7,10,3.298507463,67,white,xs,3,2,FALSE,50,CN,84,14589,3.973061896,0
Woman,3.19,4,3.87,10000,3.838893409,1229,others,others,50,1,FALSE,50,CN,,22406,4.016959743,0
Woman,21,21,25,0,-1,0,black,s,50,12,FALSE,50,CA,80,1166,3.938250429,1
Woman,34,34,40,0,-1,0,brown,s,50,11,FALSE,50,CA,80,1166,3.938250429,1
Man,10,17,11,1000,4.005747126,174,grey,xs,9,2,FALSE,50,CN,,351,3.823361823,0
Woman,7,7,8,10,4,2,green,m,50,2,FALSE,50,CN,87,59075,4.047363521,0
Woman,10,19,11,10000,4.015137615,2180,yellow,s,8,3,FALSE,50,CN,,4428,4.212962963,0
Woman,12,16,14,1000,3.926406926,231,yellow,s,50,5,TRUE,50,CN,,7381,4.204579325,0
Woman,6,6,7,10,4.060344828,116,green,s,50,2,FALSE,50,CN,,35368,4.171256503,0
Woman,4.13,9,5,1000,3.481012658,79,others,others,19,2,FALSE,50,CN,,366,4.163934426,0
Woman,5,5,6,1000,3.788819876,161,dual,xs,2,2,FALSE,50,CN,85,10713,3.962102119,0
Man,8,58,9,10,4,37,grey,s,2,3,FALSE,50,CN,86,99,3.868686869,0
Woman,5,5,6,10,5,2,blue,xs,2,2,FALSE,50,CN,87,21841,4.11006822,0
Woman,15,15,17.99,0,-1,0,black,s,50,5.99,FALSE,50,TR,0,3,4.333333333,1
Woman,4,34,4,1000,4.027667984,253,red,s,50,1,FALSE,50,CN,,19018,4.299873804,0
Woman,7,7,8,1000,4.37037037,108,grey,xs,50,2,FALSE,50,CN,,1005,3.739303483,0
Woman,34,34,40,0,-1,0,brown,s,50,0,FALSE,50,CA,,403,4.054590571,1
Woman,8,8,9,10,4.023255814,43,purple,xs,3,3,FALSE,50,CN,85,1392,4.047413793,0
Woman,23,23,27,10,5,1,others,s,50,8,FALSE,50,VN,92,2394,4.458646617,0
Woman,10,10,11,10000,4.060185185,1080,red,xs,50,2,FALSE,50,CN,80,8001,3.775028121,0
Woman,10,17,11,10,-1,0,red,s,50,2,FALSE,50,CN,84,8347,3.979273991,1
Woman,3.92,4,4.75,1000,3.19047619,42,yellow,xs,3,1,FALSE,50,CN,84,10185,3.964064801,0
Woman,11,11,13,5000,4.119863014,292,beige,xs,10,3,FALSE,50,CN,81,14926,3.869623476,0
Woman,11,11,13,1000,4.117166213,367,green,s,50,3,FALSE,50,CN,,3138,4.258444869,0
Man,16,16,19,10,1,1,white,s,50,5,FALSE,50,CN,,2165,3.897459584,0
Woman,8,8,9,1000,4.405913978,372,blue,others,29,3,FALSE,50,CN,89,1783,4.195737521,0
Woman,5,5,5,1000,3.698492462,199,white,s,50,1,FALSE,50,CN,,31998,4.153697106,0
Woman,4.79,5,5.81,1000,3.014084507,71,red,xs,2,2,FALSE,50,CN,86,3201,4.009684474,0
Woman,8,8,9,10000,4.161976664,1457,black,extra_big_size,20,3,FALSE,50,CN,86,22766,4.06386717,0
Man,13,13,15,10,3.142857143,63,green,s,50,4,FALSE,50,CN,82,1287,3.923853924,0
Woman,8,8,9,50000,3.227136681,6014,others,s,50,5,TRUE,50,CN,87,30005,4.096550575,0
Woman,4.78,5,5.79,1000,-1,0,yellow,s,50,2,FALSE,50,CN,81,7948,3.876321087,1
Woman,7,7,8,1000,3.835784314,408,white,s,50,3,FALSE,50,CN,84,8921,3.978253559,0
Woman,4.67,5,5.66,10,4.571428571,7,black,s,50,2,FALSE,50,CN,,23501,4.127611591,0
Woman,10,10,11,10,4.384615385,13,blue,s,50,3,FALSE,50,CN,87,59396,4.095023234,0
Woman,15,15,17,8,-1,0,grey,s,50,11,FALSE,50,CA,80,1166,3.938250429,1
Woman,4.79,5,5.8,1000,4.166666667,18,yellow,xs,50,2,FALSE,50,CN,88,23501,4.127611591,0
Woman,7,7,8,10,4.611111111,36,red,s,50,8,TRUE,50,CN,91,113192,4.285567885,0
Woman,3,3,3,1000,3.969230769,195,black,m,50,7,TRUE,50,US,,1139,4.150131694,0
Woman,4.79,7,5.81,1000,-1,0,green,xs,50,1,FALSE,50,CN,84,3263,3.982837879,1
Woman,7,21,8,1000,4.218944099,644,blue,others,6,3,FALSE,50,CN,94,4646,4.397331037,0
Woman,33,33,39,0,-1,0,pink,others,50,17,FALSE,50,CA,80,1166,3.938250429,1
Woman,4,4,4,5000,3.835125448,837,green,xs,3,1,FALSE,50,CN,83,13039,3.892399724,0
Woman,3.3,4,4,10,-1,0,blue,xs,2,1,FALSE,50,US,73,281,3.548042705,1
Woman,7,11,8,1000,3.77385159,283,others,s,50,3,FALSE,50,CN,88,11570,4.160155575,0
Woman,11,11,13,1000,3.609544469,461,green,s,45,3,FALSE,50,CN,80,5509,3.81811581,0
Woman,23,23,27,3,-1,0,others,others,3,7,FALSE,7,NL,80,588,4.006802721,1
Woman,12,12,14,1000,3.289473684,190,black,s,50,5,TRUE,50,CN,89,41315,4.149969745,0
Woman,15,15,18,0,-1,0,red,s,50,11,FALSE,50,CA,80,1166,3.938250429,1
Woman,16,82,19,10,5,1,white,s,50,6,FALSE,50,CN,88,24273,4.187986652,0
Woman,4,4,4,20000,3.822575711,3269,pink,s,2,1,FALSE,50,CN,,67017,4.144112688,0
Woman,12,16,14,1000,4.107142857,84,pink,s,3,3,FALSE,3,CN,90,13100,4.208320611,0
Woman,6,6,7,10,3.722222222,18,white,s,50,7,TRUE,50,CN,89,8241,4.205193544,0
Woman,8,8,9,10,4,45,green,s,15,3,FALSE,50,CN,89,9014,4.206123807,0
Woman,52,52,62,0,-1,0,white,others,47,12,TRUE,50,PL,,8961,4.504296395,1
Woman,7,7,8,1000,3.7,70,black,s,50,3,FALSE,50,CN,82,3404,3.941833137,0
Woman,10,10,12,5000,-1,0,red,s,50,3,FALSE,50,CN,83,18616,3.932907177,1
Woman,4,4,4,1000,3.776470588,85,yellow,xs,1,1,FALSE,50,US,81,3084,3.850518807,0
Woman,4.71,5,5.71,10,4.611111111,18,white,s,50,7,TRUE,50,CN,89,34760,4.217548907,0
Woman,8,49,9,1000,4.37037037,216,black,s,50,3,FALSE,50,CN,84,4871,4.012728393,0
Woman,7,7,8,10,4.303571429,56,white,s,50,7,TRUE,50,CN,86,346498,4.071769534,0
Woman,8,8,9,1000,4.271676301,173,dual,s,50,3,FALSE,50,CN,,1827,4.4378763,0
Woman,4.83,5,5.85,5000,3.580547112,329,others,xs,50,1,FALSE,50,CN,,23501,4.127611591,0
Woman,5,8,6,5000,4.150145773,686,white,s,30,2,FALSE,50,CN,80,10667,3.815130777,0
Woman,19,19,22,1,-1,0,red,s,50,11,FALSE,50,CA,,1166,3.938250429,1
Woman,15,28,17,1000,4.145695364,151,others,s,50,5,FALSE,50,CN,84,567,4.075837743,0
Man,5,5,5,10000,3.305059524,1344,blue,xs,50,2,FALSE,50,CN,,4801,3.7577588,0
Man,8,25,9,10,4.285714286,14,yellow,s,8,3,FALSE,50,CN,0,9,4.444444444,0
Woman,7,7,8,1000,4.545454545,88,pink,others,50,2,FALSE,50,CN,92,11526,4.370727052,0
Woman,5,5,6,10,4.454545455,11,pink,s,50,2,FALSE,50,CN,87,3463,4.112041582,0
Woman,32,32,38,0,-1,0,white,others,36,10,TRUE,36,PL,95,8961,4.504296395,1
Woman,7,14,8,10,4.388888889,18,black,s,50,3,TRUE,50,CN,,32261,4.213260593,0
Woman,5,18,5,1000,3.576271186,118,black,s,50,2,FALSE,50,CN,82,447,3.932885906,0
Woman,5,5,6,10000,3.398395722,1870,pink,extra_big_size,8,2,FALSE,50,CN,,19958,4.084276982,0
Woman,7,7,8,1000,4.450980392,51,black,s,50,3,FALSE,50,CN,88,9756,4.155904059,0
Woman,16,16,19,10,5,1,black,s,50,12,FALSE,50,CA,80,1166,3.938250429,0
Woman,7,7,8,5000,3.664467484,1061,green,extra_big_size,12,3,FALSE,50,CN,89,9336,4.17062982,0
Woman,29,29,34,0,-1,0,others,others,50,9,FALSE,50,VN,92,275,4.472727273,1
Woman,23,23,27,0,-1,0,white,others,4,8,TRUE,24,PL,95,8961,4.504296395,1
Woman,4.84,5,5.87,10,2.924242424,66,black,xs,1,2,FALSE,50,CN,87,3288,4.062652068,0
Man,5,13,6,10,3.76744186,43,white,others,7,2,FALSE,50,CN,,76,4.223684211,0
Woman,6,16,7,1000,4.08411215,214,black,s,50,2,FALSE,50,CN,,21351,4.015736968,0
Woman,7,7,8,10,3.759259259,54,pink,s,50,2,FALSE,50,CN,86,3295,4.071927162,0
Woman,2.29,3,2.78,5000,3.698224852,845,green,s,5,1,FALSE,50,CN,88,61120,4.127045157,0
Woman,5,5,6,5000,4.016799293,1131,blue,xs,3,2,FALSE,50,CN,87,4364,4.101741522,0
Woman,12,34,14,10,3.647058824,17,white,s,50,3,FALSE,50,CN,78,156,3.673076923,0
Woman,2.19,3,2.66,10,-1,0,white,extra_big_size,1,1,FALSE,50,CN,80,10723,3.785694302,1
Woman,7,7,8,10000,3.414339883,2901,white,s,50,3,FALSE,50,CN,88,35171,4.131898439,0
Woman,12,99,14,10,3.782608696,23,red,xs,50,4,FALSE,50,CN,91,74070,4.269744836,0
Woman,12,24,14,10,5,1,others,s,2,4,FALSE,50,CN,92,78,4.230769231,0
Woman,7,7,8,10,3.666666667,3,black,s,50,5,TRUE,50,CN,90,17980,4.228587319,0
Woman,8,8,9,1000,3.726681128,461,others,s,50,3,FALSE,50,CN,93,93526,4.391677181,0
Woman,15,42,18,10,4.142857143,7,black,s,50,5,FALSE,50,BG,67,15,3.2,0
Woman,22,29,26.41,0,-1,0,others,others,50,8.99,FALSE,50,VN,90,303,4.320132013,1
Woman,10,10,12,10,3.75,4,blue,s,30,3,FALSE,50,CN,82,5897,3.886213329,0
Woman,2.34,3,2.84,10,3.75,4,purple,xs,7,1,FALSE,50,CN,,4925,3.903147208,0
Woman,28,28,33,0,-1,0,blue,others,6,17,FALSE,6,KR,67,6,3.833333333,1
Woman,4.82,5,5.84,10000,3.36243227,1661,blue,s,50,2,FALSE,50,CN,,3052,3.823394495,0
Woman,12,12,14,1000,3.754617414,379,white,s,3,4,FALSE,50,CN,,34943,4.064877086,0
Woman,2.19,3,2.65,10,4.6,5,grey,xs,1,1,FALSE,50,CN,,879,3.794084187,0
Woman,11,14,13,1000,4.016042781,187,white,s,50,3,FALSE,50,CN,88,4664,4.218910806,0
Woman,20,47,24.14,10,-1,0,black,s,50,6.06,FALSE,50,ES,0,14,4.642857143,1
Woman,3.1,4,3.76,20000,4.110468655,3286,purple,s,3,1,FALSE,50,CN,87,63028,4.115520086,0
Woman,28,28,33,0,-1,0,others,s,50,8,FALSE,50,VN,92,2394,4.458646617,1
Woman,6,6,7,10,-1,0,white,xs,49,2,FALSE,50,CN,88,801,4.184769039,1
Woman,6,6,7,10000,3.839042703,2131,white,xs,3,2,FALSE,50,CN,87,10930,4.083348582,0
Woman,34,34,41,0,-1,0,red,others,49,0,FALSE,50,CA,81,403,4.054590571,1
Woman,6,6,7,10,3.78125,32,grey,xs,2,2,FALSE,50,CN,84,10185,3.964064801,0
Woman,13,18,15,1000,3.682352941,510,pink,s,50,8,TRUE,50,CN,88,9180,4.133333333,0
Woman,8,8,9,5000,4.124413146,426,white,s,50,3,FALSE,50,CN,,5283,4.297558206,0
Woman,14,15,16,10,4,18,grey,s,50,5,FALSE,50,CN,81,4640,3.815517241,0
Woman,10,10,11,1000,4.17617866,403,pink,others,50,2,FALSE,50,CN,92,4679,4.372088053,0
Woman,21,21,25,0,-1,0,others,s,50,11,FALSE,50,CA,80,1166,3.938250429,1
Woman,10,10,11,10,4.214285714,42,blue,s,50,3,TRUE,50,CN,,55515,4.158912006,0
Woman,10,10,11,20000,2.964930201,2937,green,m,50,3,FALSE,50,CN,,17627,3.974981562,0
Woman,4.7,5,5.7,1000,3.887596899,258,black,xs,2,2,FALSE,50,CN,86,7591,4.003688579,0
Woman,7,7,8,1000,3.563218391,87,grey,xs,2,2,FALSE,50,CN,,1421,4.014778325,0
Woman,15,32,18.16,10,5,4,black,s,50,7.08,FALSE,50,ES,0,14,4.642857143,0
Woman,10,10,11,10,3.833333333,48,grey,xs,47,3,FALSE,50,CN,79,583,3.806174957,0
Woman,22,29,26.41,1,-1,0,others,others,50,8.99,FALSE,50,VN,90,303,4.320132013,1
Woman,8,9,9,1000,3.90376569,239,white,s,50,3,FALSE,50,CN,88,9180,4.133333333,0
Man,5,5,6,10,3.888888889,9,others,xs,2,2,FALSE,50,CN,71,652,3.418711656,0
Woman,27,27,32,0,-1,0,black,extra_big_size,8,17,FALSE,8,KR,67,6,3.833333333,1
Man,10,10,11,10,4.139534884,43,blue,m,10,3,FALSE,50,VE,77,738,3.775067751,0
Woman,3.11,9,3.77,10,4,23,purple,xs,4,1,FALSE,50,CN,,1018,4.011787819,0
Woman,42,42,50,0,-1,0,blue,others,3,12,TRUE,3,PL,95,8961,4.504296395,1
Woman,15,15,17.99,0,-1,0,others,s,50,5.99,FALSE,50,TR,0,3,4.333333333,1
Woman,4.73,5,5.73,5000,3.687122736,994,green,xs,1,1,FALSE,50,CN,92,3088,4.330634715,0
Woman,10,10,11,10000,3.961108628,2237,blue,s,50,3,FALSE,50,CN,86,4948,4.025464834,0
Woman,43,43,52,0,-1,0,white,others,2,12,TRUE,10,PL,95,8961,4.504296395,1
Woman,10,10,11,1000,3.781176471,425,white,extra_big_size,29,2,FALSE,50,CN,,46351,4.067657656,0
Woman,4.73,5,5.73,1000,3.659574468,235,white,xs,3,1,FALSE,50,CN,,10185,3.964064801,0
Woman,10,10,11,5000,4.132943144,1196,white,s,50,3,FALSE,50,CN,83,15939,3.927536232,0
Woman,10,10,12,10,4,2,blue,xl,50,4,FALSE,50,CN,92,218414,4.334740447,0
Man,5,8,5,10,3.867924528,53,black,s,3,2,FALSE,50,CN,,4993,4.272781895,0
Woman,11,16,13,10,4.318181818,22,black,s,50,6,TRUE,50,CN,90,18677,4.219093002,0
Woman,4,4,4,10000,3.948275862,754,white,xs,1,1,FALSE,50,CN,85,17935,4.022191246,0
Woman,7,7,8,1000,4.119834711,242,yellow,s,50,5,TRUE,50,CN,88,9411,4.169270003,0
Woman,5,14,6,5000,4.156695157,351,green,xs,5,2,FALSE,50,CN,,8434,4.039245909,0
Woman,7,7,8,1000,3.844311377,167,black,s,50,2,FALSE,50,CN,90,18219,4.258246885,0
Woman,4.8,5,5.82,1000,-1,0,yellow,s,50,2,FALSE,50,CN,,3789,4.344945896,1
Woman,5,5,6,10,4.24,25,blue,xs,2,2,FALSE,50,CN,86,7591,4.003688579,0
Woman,4.13,6,5,5000,3.753378378,592,yellow,s,3,2,FALSE,50,CN,87,36935,4.103506159,0
Woman,7,7,8,10,3.972222222,72,yellow,l,50,3,FALSE,50,US,90,371,4.28032345,0
Woman,3.84,4,4.66,1000,4,108,grey,xs,50,1,FALSE,50,CN,91,15380,4.255786736,0
Woman,12,12,14,1000,3.787234043,188,white,s,50,7,TRUE,50,CN,88,221758,4.16090964,0
Man,6,9,7,10,4.454545455,11,grey,xs,50,2,FALSE,50,CN,83,52,3.865384615,0
Woman,3.04,4,3.68,1000,4.071161049,267,others,others,50,6,FALSE,50,CN,,9707,4.13279077,0
Woman,19,19,22,10,-1,0,black,s,50,0,FALSE,50,CA,81,403,4.054590571,1
Woman,14,67,16,5000,3.764159703,1077,black,s,50,4,FALSE,50,CN,,31684,3.973267264,0
Woman,8,13,9,10000,3.152091255,789,green,s,50,3,FALSE,50,CN,81,6411,3.849165497,0
Woman,7,7,8,20000,3.846422893,3145,black,s,50,3,FALSE,50,CN,,56851,4.316634712,0
Woman,11,11,13,10,2.125,8,green,xs,50,3,FALSE,50,CN,,288,3.944444444,0
Woman,2,2,2,10,2.785714286,14,green,s,10,5,TRUE,50,US,79,258,3.786821705,0
Woman,3.89,4,4.71,10,2.75,4,yellow,xs,1,1,FALSE,50,CN,84,2342,3.976088813,0
Woman,7,9,8,1000,3.28030303,132,black,s,19,2,FALSE,50,CN,88,886,4.159142212,0
Woman,8,14,9,5000,3.077790304,887,red,s,50,3,FALSE,50,CN,,10946,3.832267495,0
Woman,10,18,11,1000,3.787439614,207,others,s,50,5,TRUE,50,CN,88,5189,4.134515321,0
Woman,15,15,17.99,1,-1,0,others,s,50,5.99,FALSE,50,TR,0,3,4.333333333,1
Woman,10,10,12,1000,3.871060172,349,black,s,9,3,FALSE,50,CN,,14555,4.164410855,0
Woman,8,8,9,1000,3.124463519,233,grey,s,50,3,FALSE,50,CN,87,13593,4.138306481,0
Woman,10,10,12,20000,4.056743656,3507,others,m,50,3,FALSE,50,CN,,16008,3.961081959,0
Woman,6,6,7,10,4.013888889,72,black,xs,30,2,FALSE,50,CN,,1005,3.739303483,0
Woman,4.74,73,5.74,1000,4.071428571,112,grey,xs,1,1,FALSE,50,CN,82,18057,3.906462868,0
Woman,4.67,6,5.66,10,4.666666667,6,black,xs,1,2,FALSE,50,CN,87,62,4.161290323,0
Woman,11,43,13,10,4.6,5,purple,s,50,3,FALSE,50,CN,85,743,4.006729475,0
Woman,15,15,17.99,0,-1,0,black,s,50,5.99,FALSE,50,TR,0,3,4.333333333,1
Woman,5,5,6,1000,3.455284553,123,black,s,50,2,FALSE,50,CN,84,17953,3.964908372,0
Woman,6,24,7,10,4.4,20,red,xs,3,2,FALSE,50,CN,92,5152,4.34064441,0
Woman,6,24,7,10,3.888888889,9,black,xs,1,2,FALSE,50,CN,86,71253,4.050004912,0
Woman,5,5,6,10,3.75862069,58,red,xs,5,2,FALSE,50,CN,83,4109,3.928206376,0
Woman,5,5,6,1000,3.630541872,203,black,s,1,2,FALSE,50,CN,85,2027,4.008386778,0
Woman,10,10,12,10000,3.652853261,1472,white,s,50,3,FALSE,50,CN,81,6282,3.871378542,0
Man,17,17,20,10,3.5625,64,red,m,50,6,FALSE,50,CN,76,375,3.597333333,0
Woman,29,29,34,0,-1,0,blue,s,50,9,FALSE,50,CA,80,1166,3.938250429,1
Woman,11,11,13,10,4.25,8,red,s,50,3,FALSE,50,CN,,31891,4.030604246,0
Woman,25,25,30,0,-1,0,pink,s,47,0,FALSE,50,CA,81,403,4.054590571,1
Woman,3,3,3,10,2.333333333,3,white,m,50,9,TRUE,50,CN,,1096,4.28649635,0
Woman,7,7,8,10,3.4,5,purple,xs,1,3,FALSE,50,US,81,2421,3.890541099,0
Man,10,17,12,10,4.263157895,19,green,m,6,3,FALSE,50,CN,86,36,4,0
Woman,7,7,8,5000,3.920670391,895,white,s,50,7,TRUE,50,CN,91,490206,4.29052276,0
Woman,4.74,5,5.75,1000,4.205882353,68,others,s,50,2,FALSE,50,CN,91,1096,4.28649635,0
Woman,8,8,9,1000,4.293948127,347,white,extra_big_size,7,3,FALSE,50,CN,88,5799,4.159855147,0
Woman,10,41,11,10,4.833333333,6,green,l,9,2,FALSE,50,CN,84,4055,3.978545006,0
Man,22,22,26,3,-1,0,black,m,50,7,FALSE,50,CA,80,1166,3.938250429,1
Woman,3.94,4,4.77,10,4.333333333,6,dual,xs,50,1,FALSE,50,CN,,9071,3.97530592,0
Woman,10,41,11,1000,3.441176471,136,blue,s,49,3,FALSE,50,CN,84,2564,3.975819033,0
Woman,4,5,4.85,1000,3.66572238,353,yellow,xs,16,1,FALSE,50,CN,81,6799,3.859979409,0
Woman,15,15,18,0,-1,0,black,m,50,0,FALSE,50,CA,81,403,4.054590571,1
Woman,7,7,8,1000,3.634639697,791,others,extra_big_size,9,3,FALSE,50,CN,87,42213,4.098310947,0
Woman,6,77,7,10,4.05,20,pink,xl,1,2,FALSE,50,CN,85,123,3.983739837,0
Woman,24,24,29,1,-1,0,orange,s,50,13,TRUE,50,CA,80,1166,3.938250429,1
Woman,35,35,42,0,-1,0,black,others,1,17,FALSE,1,KR,67,6,3.833333333,1
Woman,7,7,8,5000,3.703846154,1040,black,extra_big_size,4,2,FALSE,50,CN,85,26389,4.002576831,0
Woman,2,73,2,1000,3.197530864,81,red,extra_small_size,1,1,FALSE,50,CN,86,1792,4.040736607,0
Woman,6,6,7,1000,3.609375,64,black,extra_big_size,50,2,FALSE,50,CN,85,76878,3.954200161,0
Man,6,49,7,5000,4.374751491,1006,black,xs,50,2,FALSE,50,CN,,7434,4.278719397,0
Woman,6,6,7,1000,3.614545455,275,green,s,50,2,FALSE,50,CN,84,9071,3.97530592,0
Woman,10,10,11,10,3.941176471,34,dual,xs,50,8,TRUE,50,CN,88,4740,4.172362869,0
Woman,8,8,9,1000,3.72909699,299,red,s,6,3,FALSE,50,CN,85,17768,4.035006754,0
Woman,19,19,22,10,-1,0,blue,l,50,5,FALSE,50,CA,80,1166,3.938250429,1
Woman,8,13,9,1000,3.808510638,141,blue,extra_big_size,12,3,FALSE,50,CN,82,443,3.905191874,0
Woman,3.97,4,4.81,5000,3.671014493,690,green,xs,2,1,FALSE,50,CN,85,2034,4.002949853,0
Woman,23,23,27,1,-1,0,black,s,50,8,FALSE,50,CA,80,1166,3.938250429,1
Woman,5,40,6,1000,4.13740458,131,orange,xs,2,2,FALSE,50,CN,,2065,4.167554479,0